source_degree	target_degree	n	nnz	sum	sum_of_squares
0	0	5379	0	0.0	0.0
0	1	280849	0	0.0	0.0
0	2	125347	0	0.0	0.0
0	3	76121	0	0.0	0.0
0	4	52649	0	0.0	0.0
0	5	39772	0	0.0	0.0
0	6	26406	0	0.0	0.0
0	7	23472	0	0.0	0.0
0	8	18745	0	0.0	0.0
0	9	18419	0	0.0	0.0
0	10	16463	0	0.0	0.0
0	11	13692	0	0.0	0.0
0	12	11247	0	0.0	0.0
0	13	8313	0	0.0	0.0
0	14	8639	0	0.0	0.0
0	15	7987	0	0.0	0.0
0	16	7661	0	0.0	0.0
0	17	4075	0	0.0	0.0
0	18	7009	0	0.0	0.0
0	19	5542	0	0.0	0.0
0	20	6520	0	0.0	0.0
0	21	6031	0	0.0	0.0
0	22	4401	0	0.0	0.0
0	23	3260	0	0.0	0.0
0	24	3097	0	0.0	0.0
0	25	4564	0	0.0	0.0
0	26	4075	0	0.0	0.0
0	27	2934	0	0.0	0.0
0	28	4075	0	0.0	0.0
0	29	2445	0	0.0	0.0
0	30	3260	0	0.0	0.0
0	31	1793	0	0.0	0.0
0	32	2445	0	0.0	0.0
0	33	2934	0	0.0	0.0
0	34	1956	0	0.0	0.0
0	35	1304	0	0.0	0.0
0	36	2282	0	0.0	0.0
0	37	2119	0	0.0	0.0
0	38	1467	0	0.0	0.0
0	39	2934	0	0.0	0.0
0	40	1956	0	0.0	0.0
0	41	1304	0	0.0	0.0
0	42	1467	0	0.0	0.0
0	43	1467	0	0.0	0.0
0	44	1793	0	0.0	0.0
0	45	1304	0	0.0	0.0
0	46	1793	0	0.0	0.0
0	47	1467	0	0.0	0.0
0	48	978	0	0.0	0.0
0	49	978	0	0.0	0.0
0	50	489	0	0.0	0.0
0	51	1630	0	0.0	0.0
0	52	2119	0	0.0	0.0
0	53	1630	0	0.0	0.0
0	54	1630	0	0.0	0.0
0	55	1630	0	0.0	0.0
0	56	978	0	0.0	0.0
0	57	1141	0	0.0	0.0
0	58	1141	0	0.0	0.0
0	59	489	0	0.0	0.0
0	60	1141	0	0.0	0.0
0	61	163	0	0.0	0.0
0	62	489	0	0.0	0.0
0	63	489	0	0.0	0.0
0	64	1956	0	0.0	0.0
0	65	1141	0	0.0	0.0
0	66	978	0	0.0	0.0
0	67	652	0	0.0	0.0
0	68	1304	0	0.0	0.0
0	69	978	0	0.0	0.0
0	70	652	0	0.0	0.0
0	71	489	0	0.0	0.0
0	72	1141	0	0.0	0.0
0	73	815	0	0.0	0.0
0	74	489	0	0.0	0.0
0	75	815	0	0.0	0.0
0	76	652	0	0.0	0.0
0	77	815	0	0.0	0.0
0	78	1141	0	0.0	0.0
0	79	815	0	0.0	0.0
0	81	489	0	0.0	0.0
0	82	978	0	0.0	0.0
0	83	978	0	0.0	0.0
0	84	652	0	0.0	0.0
0	85	815	0	0.0	0.0
0	86	652	0	0.0	0.0
0	87	1141	0	0.0	0.0
0	88	652	0	0.0	0.0
0	89	815	0	0.0	0.0
0	90	489	0	0.0	0.0
0	92	815	0	0.0	0.0
0	93	652	0	0.0	0.0
0	94	815	0	0.0	0.0
0	95	326	0	0.0	0.0
0	96	652	0	0.0	0.0
0	97	489	0	0.0	0.0
0	98	489	0	0.0	0.0
0	99	815	0	0.0	0.0
0	100	163	0	0.0	0.0
0	101	326	0	0.0	0.0
0	102	489	0	0.0	0.0
0	103	652	0	0.0	0.0
0	104	326	0	0.0	0.0
0	105	489	0	0.0	0.0
0	106	489	0	0.0	0.0
0	107	163	0	0.0	0.0
0	108	489	0	0.0	0.0
0	109	163	0	0.0	0.0
0	110	326	0	0.0	0.0
0	111	326	0	0.0	0.0
0	112	326	0	0.0	0.0
0	113	652	0	0.0	0.0
0	114	1141	0	0.0	0.0
0	115	489	0	0.0	0.0
0	116	163	0	0.0	0.0
0	117	163	0	0.0	0.0
0	118	978	0	0.0	0.0
0	119	815	0	0.0	0.0
0	120	489	0	0.0	0.0
0	121	652	0	0.0	0.0
0	122	489	0	0.0	0.0
0	123	163	0	0.0	0.0
0	124	326	0	0.0	0.0
0	125	815	0	0.0	0.0
0	126	489	0	0.0	0.0
0	127	163	0	0.0	0.0
0	129	326	0	0.0	0.0
0	130	326	0	0.0	0.0
0	131	652	0	0.0	0.0
0	132	326	0	0.0	0.0
0	134	1141	0	0.0	0.0
0	135	163	0	0.0	0.0
0	136	326	0	0.0	0.0
0	137	326	0	0.0	0.0
0	138	326	0	0.0	0.0
0	139	489	0	0.0	0.0
0	140	652	0	0.0	0.0
0	141	163	0	0.0	0.0
0	142	326	0	0.0	0.0
0	143	163	0	0.0	0.0
0	144	326	0	0.0	0.0
0	145	489	0	0.0	0.0
0	148	163	0	0.0	0.0
0	149	163	0	0.0	0.0
0	150	326	0	0.0	0.0
0	151	163	0	0.0	0.0
0	152	815	0	0.0	0.0
0	154	326	0	0.0	0.0
0	155	163	0	0.0	0.0
0	158	163	0	0.0	0.0
0	159	326	0	0.0	0.0
0	160	326	0	0.0	0.0
0	162	163	0	0.0	0.0
0	164	326	0	0.0	0.0
0	166	163	0	0.0	0.0
0	167	326	0	0.0	0.0
0	168	326	0	0.0	0.0
0	169	163	0	0.0	0.0
0	170	326	0	0.0	0.0
0	171	163	0	0.0	0.0
0	172	163	0	0.0	0.0
0	174	489	0	0.0	0.0
0	175	326	0	0.0	0.0
0	176	326	0	0.0	0.0
0	177	163	0	0.0	0.0
0	178	163	0	0.0	0.0
0	180	163	0	0.0	0.0
0	181	163	0	0.0	0.0
0	182	163	0	0.0	0.0
0	184	163	0	0.0	0.0
0	185	326	0	0.0	0.0
0	186	326	0	0.0	0.0
0	187	326	0	0.0	0.0
0	188	326	0	0.0	0.0
0	189	163	0	0.0	0.0
0	191	163	0	0.0	0.0
0	192	163	0	0.0	0.0
0	193	163	0	0.0	0.0
0	194	326	0	0.0	0.0
0	195	326	0	0.0	0.0
0	199	163	0	0.0	0.0
0	200	652	0	0.0	0.0
0	202	163	0	0.0	0.0
0	204	326	0	0.0	0.0
0	206	163	0	0.0	0.0
0	209	163	0	0.0	0.0
0	212	163	0	0.0	0.0
0	213	326	0	0.0	0.0
0	214	163	0	0.0	0.0
0	216	163	0	0.0	0.0
0	217	163	0	0.0	0.0
0	219	163	0	0.0	0.0
0	221	163	0	0.0	0.0
0	223	163	0	0.0	0.0
0	224	326	0	0.0	0.0
0	225	163	0	0.0	0.0
0	227	163	0	0.0	0.0
0	228	489	0	0.0	0.0
0	230	163	0	0.0	0.0
0	233	163	0	0.0	0.0
0	234	326	0	0.0	0.0
0	238	163	0	0.0	0.0
0	240	489	0	0.0	0.0
0	243	163	0	0.0	0.0
0	245	163	0	0.0	0.0
0	246	163	0	0.0	0.0
0	248	326	0	0.0	0.0
0	252	163	0	0.0	0.0
0	253	163	0	0.0	0.0
0	256	163	0	0.0	0.0
0	261	326	0	0.0	0.0
0	263	163	0	0.0	0.0
0	265	163	0	0.0	0.0
0	266	163	0	0.0	0.0
0	269	163	0	0.0	0.0
0	270	163	0	0.0	0.0
0	272	163	0	0.0	0.0
0	273	163	0	0.0	0.0
0	275	163	0	0.0	0.0
0	277	489	0	0.0	0.0
0	278	163	0	0.0	0.0
0	280	163	0	0.0	0.0
0	282	163	0	0.0	0.0
0	283	163	0	0.0	0.0
0	284	326	0	0.0	0.0
0	286	326	0	0.0	0.0
0	287	326	0	0.0	0.0
0	292	163	0	0.0	0.0
0	294	163	0	0.0	0.0
0	297	163	0	0.0	0.0
0	298	163	0	0.0	0.0
0	300	163	0	0.0	0.0
0	302	163	0	0.0	0.0
0	310	163	0	0.0	0.0
0	315	163	0	0.0	0.0
0	316	163	0	0.0	0.0
0	317	326	0	0.0	0.0
0	319	326	0	0.0	0.0
0	320	163	0	0.0	0.0
0	322	163	0	0.0	0.0
0	323	163	0	0.0	0.0
0	324	163	0	0.0	0.0
0	325	163	0	0.0	0.0
0	332	163	0	0.0	0.0
0	340	163	0	0.0	0.0
0	345	163	0	0.0	0.0
0	346	163	0	0.0	0.0
0	348	326	0	0.0	0.0
0	358	163	0	0.0	0.0
0	360	163	0	0.0	0.0
0	361	163	0	0.0	0.0
0	363	163	0	0.0	0.0
0	365	163	0	0.0	0.0
0	370	163	0	0.0	0.0
0	374	163	0	0.0	0.0
0	377	326	0	0.0	0.0
0	384	163	0	0.0	0.0
0	386	163	0	0.0	0.0
0	387	163	0	0.0	0.0
0	391	163	0	0.0	0.0
0	393	163	0	0.0	0.0
0	396	163	0	0.0	0.0
0	406	163	0	0.0	0.0
0	409	163	0	0.0	0.0
0	414	163	0	0.0	0.0
0	416	163	0	0.0	0.0
0	419	163	0	0.0	0.0
0	422	163	0	0.0	0.0
0	429	163	0	0.0	0.0
0	431	163	0	0.0	0.0
0	432	163	0	0.0	0.0
0	433	163	0	0.0	0.0
0	440	163	0	0.0	0.0
0	443	163	0	0.0	0.0
0	447	163	0	0.0	0.0
0	451	163	0	0.0	0.0
0	453	163	0	0.0	0.0
0	461	489	0	0.0	0.0
0	463	163	0	0.0	0.0
0	465	163	0	0.0	0.0
0	468	163	0	0.0	0.0
0	474	163	0	0.0	0.0
0	481	163	0	0.0	0.0
0	486	326	0	0.0	0.0
0	490	163	0	0.0	0.0
0	496	163	0	0.0	0.0
0	498	163	0	0.0	0.0
0	499	163	0	0.0	0.0
0	501	163	0	0.0	0.0
0	504	163	0	0.0	0.0
0	507	163	0	0.0	0.0
0	516	163	0	0.0	0.0
0	529	163	0	0.0	0.0
0	546	163	0	0.0	0.0
0	551	163	0	0.0	0.0
0	556	163	0	0.0	0.0
0	561	163	0	0.0	0.0
0	563	163	0	0.0	0.0
0	570	163	0	0.0	0.0
0	579	163	0	0.0	0.0
0	584	163	0	0.0	0.0
0	585	163	0	0.0	0.0
0	591	326	0	0.0	0.0
0	619	163	0	0.0	0.0
0	625	163	0	0.0	0.0
0	648	163	0	0.0	0.0
0	652	326	0	0.0	0.0
0	712	163	0	0.0	0.0
0	736	163	0	0.0	0.0
0	749	163	0	0.0	0.0
0	781	163	0	0.0	0.0
0	815	163	0	0.0	0.0
0	856	163	0	0.0	0.0
0	865	163	0	0.0	0.0
0	866	163	0	0.0	0.0
0	872	163	0	0.0	0.0
0	932	163	0	0.0	0.0
1	0	5577	0	0.0	0.0
1	1	291187	394	1906.6870128083037	9486.023328830788
1	2	129961	294	1314.3592075693348	6077.924922085238
1	3	78923	279	1218.8423521976085	5520.081915599149
1	4	54587	258	1099.5855543943544	4884.444442063351
1	5	41236	247	1007.8439135088547	4289.945200390977
1	6	27378	185	735.2547624124768	3051.1839867518825
1	7	24336	209	824.1406058305513	3390.875507777433
1	8	19435	167	650.2552330544396	2647.91212921126
1	9	19097	167	639.527096116105	2560.6789563472375
1	10	17069	180	674.9120410364117	2657.861512675695
1	11	14196	154	608.1132741271822	2500.685130697176
1	12	11661	126	477.10306090497613	1914.041306948954
1	13	8619	105	400.9698178329919	1614.9731438467165
1	14	8957	134	508.7699535820524	2039.5531921540532
1	15	8281	115	435.1039581574728	1739.4685364024735
1	16	7943	139	503.48980829726963	1931.1405689545436
1	17	4225	78	291.1077991634657	1131.6718707286996
1	18	7267	150	555.2527361168875	2176.039888144204
1	19	5746	80	290.81441850978007	1123.3836799854323
1	20	6760	135	481.5168014419405	1807.0042566175243
1	21	6253	104	364.33458642701214	1354.7326692587149
1	22	4563	94	345.4645110058451	1328.7210748573611
1	23	3380	77	280.4061000486177	1071.6481963968445
1	24	3211	65	227.94478814952174	841.6661259086629
1	25	4732	102	369.1768283398128	1398.956122151935
1	26	4225	116	408.31135353491675	1524.5687444988494
1	27	3042	79	283.03014637117536	1073.384091294329
1	28	4225	145	509.32082428978697	1876.4784324803222
1	29	2535	74	263.81825894258156	973.3400353036694
1	30	3380	112	384.9843792776704	1392.7203089809764
1	31	1859	51	171.6006879397538	609.5955865890568
1	32	2535	75	251.03547587344337	896.8915387789101
1	33	3042	98	340.9615331059688	1250.4524889159852
1	34	2028	62	217.40277500679412	801.2730506752177
1	35	1352	33	113.53174238591957	418.7928199847649
1	36	2366	66	221.99334131950093	787.8095583435808
1	37	2197	66	227.04055169666404	824.8320556841782
1	38	1521	51	180.41579137442176	674.3602310579557
1	39	3042	92	315.00226351935106	1137.5509916157184
1	40	2028	57	202.15175564332318	749.5379469986514
1	41	1352	50	174.04386301675652	651.9712829295042
1	42	1521	48	167.69609062941925	614.0066437870598
1	43	1521	57	201.3605243271006	749.6391523117081
1	44	1859	63	210.9186181545531	761.4815567711996
1	45	1352	53	187.53034243420353	700.7575043779314
1	46	1859	59	209.19812609225826	780.2268176647069
1	47	1521	56	203.0348970414181	762.7863642235211
1	48	1014	36	123.535377995655	451.54152348649234
1	49	1014	40	140.5812796011066	523.94431610652
1	50	507	17	53.351193520579024	175.06570991435444
1	51	1690	58	192.8971171818667	688.0195103494408
1	52	2197	71	251.91856597853638	950.0605545817436
1	53	1690	71	243.69866322716646	880.0112617824127
1	54	1690	58	206.49440461065353	781.4900450004097
1	55	1690	72	257.23450221061194	950.4741396437981
1	56	1014	35	118.20873489689924	425.2472777718472
1	57	1183	49	165.63620791678846	597.3979356083837
1	58	1183	51	169.36789889541623	591.1739582597875
1	59	507	25	86.36388555614086	318.76117806498075
1	60	1183	48	162.34824681655903	581.410448007671
1	61	169	8	24.146795736756793	76.05277304918356
1	62	507	23	76.87632544898266	267.1347954742572
1	63	507	21	72.48551610857149	262.628433799546
1	64	2028	79	263.71815689194267	928.870540393994
1	65	1183	57	188.35187526151617	659.7885125287739
1	66	1014	46	163.28715795049635	615.1283740848454
1	67	676	24	79.06170280942294	272.79406291825245
1	68	1352	61	210.94300322975903	766.0726035402931
1	69	1014	41	152.73485636727116	597.9354434718795
1	70	676	40	144.0345983168769	550.7246429573033
1	71	507	19	65.69357994088742	240.66727983022886
1	72	1183	55	186.96280359534416	667.1495753588093
1	73	845	40	132.921283473195	473.3612834243638
1	74	507	18	62.61229540911919	229.5122316756586
1	75	845	40	135.33524537215789	479.6414775758516
1	76	676	31	113.10407786909553	438.3732053152735
1	77	845	37	126.91596205244423	470.59665747029976
1	78	1183	51	179.65306364288696	673.2643479701048
1	79	845	44	149.3616153785839	532.3509653559995
1	81	507	22	75.11829085393322	270.8866806219171
1	82	1014	50	177.91354438352505	677.4988227334079
1	83	1014	53	191.90798078686458	726.8260426884873
1	84	676	29	97.54791637032524	342.18929470006344
1	85	845	44	154.69042376786132	581.2630567549983
1	86	676	35	131.44296976611457	524.2750817733696
1	87	1183	54	177.93155542831292	623.4669227963311
1	88	676	38	138.2979148121919	535.2902834934432
1	89	845	40	142.15120575225774	528.1114090505137
1	90	507	23	72.32168208621843	243.25246885250462
1	92	845	45	151.3116873325895	536.2876693663253
1	93	676	37	134.7095516274504	510.53068286039394
1	94	845	44	153.5868890346845	562.8373794933423
1	95	338	19	65.06202272527308	238.77433794627095
1	96	676	36	129.20652150178108	491.60806759934997
1	97	507	22	77.06482937953746	283.5577219447012
1	98	507	28	98.80086880746744	366.6773021930786
1	99	845	50	177.89111174919412	664.2232898385125
1	100	169	10	37.56301425528035	149.9773613610651
1	101	338	18	65.26835790248307	246.31543675965756
1	102	507	29	99.14728746228047	354.3088865877221
1	103	676	37	135.2549413152623	508.6722053980056
1	104	338	23	82.28993471174483	308.7487558484096
1	105	507	27	102.6251133143493	402.93259045720356
1	106	507	23	68.90436803935782	217.20894951732646
1	107	169	11	38.782109126410184	148.88699489741325
1	108	507	29	98.6044722202142	352.7167914150799
1	109	169	10	35.2201974299985	132.53064340963454
1	110	338	20	79.97855747335348	329.4789230116665
1	111	338	19	70.4519404656626	274.1694070584072
1	112	338	18	61.04454944360842	217.5194549919069
1	113	676	36	123.15388040119105	444.24768014063716
1	114	1183	64	227.64762754979705	854.1044154264581
1	115	507	31	110.05707779962601	413.6671623277164
1	116	169	8	29.854299977038643	114.9926074481484
1	117	169	9	32.458380531107125	123.94379656051285
1	118	1014	59	210.71792237426763	796.96833212968
1	119	845	43	153.7069381965286	579.2915916802433
1	120	507	31	112.53312457410956	418.6366188683743
1	121	676	32	114.46422050639644	436.8867208440899
1	122	507	24	84.83822743643758	317.85046598117987
1	123	169	14	49.18226175768564	184.4691070940837
1	124	338	21	73.22221727065421	271.19437477499275
1	125	845	54	191.04247289331994	718.2243979686336
1	126	507	32	116.57483133992227	449.84167774626997
1	127	169	11	38.913401579268424	144.18971608195457
1	129	338	22	76.87323272086415	277.9338440585707
1	130	338	21	70.82111788307807	251.61745891018208
1	131	676	37	128.47382041001003	470.11954438532945
1	132	338	19	66.64449979818136	243.10775692820644
1	134	1183	71	239.19003665448972	850.55807400051
1	135	169	9	36.34446266015557	151.47238924233275
1	136	338	16	55.52635719086353	206.91439945924907
1	137	338	23	85.88835187084362	331.2043979433596
1	138	338	16	54.70568629365057	198.91218184849882
1	139	507	26	98.5527376468097	392.6152383452593
1	140	676	37	128.33286459050274	472.9615828125035
1	141	169	12	43.332553850980105	161.8398661737544
1	142	338	23	84.75926362578033	330.18287772431165
1	143	169	12	45.76495248969465	185.3459176626572
1	144	338	22	75.06192761911971	278.14875974978145
1	145	507	30	112.29447681080507	435.7492871848697
1	148	169	12	36.34601847738243	117.09818371114403
1	149	169	10	37.642484160180416	144.74330988033842
1	150	338	19	59.797263607322144	204.4942325584631
1	151	169	11	41.501163721973384	164.30531702635483
1	152	845	56	192.88028351628947	701.691531070749
1	154	338	21	77.69226967994743	300.0349775607183
1	155	169	11	41.43035500568105	164.72434207421315
1	158	169	13	45.09291832589395	164.42423835938698
1	159	338	22	70.7859928429155	249.23227636632853
1	160	338	24	82.15595778078888	305.461586902553
1	162	169	14	49.80493504947704	187.46153728535324
1	164	338	23	88.90223626574992	355.2847327757609
1	166	169	9	30.70623633966801	114.1773204948322
1	167	338	24	80.49162082988276	284.9498355101658
1	168	338	20	71.43768493088487	264.9864917606983
1	169	169	9	29.876384945042382	106.60625370869279
1	170	338	25	89.65059183075684	341.73316276951346
1	171	169	11	41.84357893558682	164.14421610214066
1	172	169	8	32.759180341826216	137.94693602983565
1	174	507	33	121.32924745252828	462.59435133988745
1	175	338	27	87.80892551956747	304.89588142399214
1	176	338	22	76.46847183785157	282.6827387175353
1	177	169	10	31.538089623140625	111.5000181905001
1	178	169	12	41.80524549114351	163.30651011794205
1	180	169	9	29.557158314554272	99.54733866887372
1	181	169	11	38.656901076523155	143.78626242877328
1	182	169	8	29.175166555158548	111.24689655553394
1	184	169	13	48.75357479279161	198.3098489912194
1	185	338	25	90.772096668246	352.09975246014767
1	186	338	25	92.06115327683891	356.290497484556
1	187	338	25	85.88978776033117	323.42890234233715
1	188	338	21	76.1407790119435	297.12594622241147
1	189	169	9	28.117604635525918	93.16787745546762
1	191	169	9	32.49596518131537	123.52568919222972
1	192	169	11	37.00044599926515	135.2171264350361
1	193	169	11	41.490575079321246	160.64798558664592
1	194	338	22	73.36308327343184	270.69165122109587
1	195	338	25	85.7187121214281	312.9948891860315
1	199	169	11	35.436025461888846	123.28094917613957
1	200	676	42	149.28290243697114	560.1824857870592
1	202	169	13	49.275565439822	201.3867266393059
1	204	338	25	86.70628411312154	319.91040308614174
1	206	169	12	45.68859038076562	186.22449015631935
1	209	169	12	43.07921502948223	166.8519474437478
1	212	169	12	43.626963892212444	163.13966017357524
1	213	338	23	81.29406828222908	305.9883534674858
1	214	169	10	34.9119304793354	131.14679117626963
1	216	169	13	46.82968933499997	179.25296699121702
1	217	169	13	44.66146478662255	162.64067486525053
1	219	169	8	28.848229167387096	110.31709571953039
1	221	169	14	48.628982896456435	187.79980647411554
1	223	169	12	42.22644009656153	163.86251097791273
1	224	338	22	76.15119856266172	286.35888452720627
1	225	169	11	38.606797148951074	148.0429338661752
1	227	169	14	49.671363069628725	186.8792735360105
1	228	507	37	136.5329227904348	542.0113343958963
1	230	169	13	45.53052475287606	172.5665848037262
1	233	169	11	40.92754399199866	158.60922395232305
1	234	338	27	100.12080518365823	395.0611505807824
1	238	169	12	43.04502429059037	161.67541707871828
1	240	507	42	148.59632090865125	566.3484152773394
1	243	169	11	41.024173483428086	161.13916137069913
1	245	169	12	43.01766589866475	163.87346167259506
1	246	169	13	51.467018763604216	212.27286309774436
1	248	338	24	82.52238857432926	300.1903892260394
1	252	169	13	51.96945265140015	212.2313808963015
1	253	169	14	50.472460938963366	189.28497812924394
1	256	169	10	38.171884645620366	151.83921474165817
1	261	338	30	108.20473293987321	430.08402322222764
1	263	169	13	45.78206245033812	174.9336282855249
1	265	169	12	42.899545918474075	168.15215434083316
1	266	169	14	51.60484946965606	197.3599693813659
1	269	169	11	39.49137580335608	147.90871798982306
1	270	169	12	43.099218205439634	163.45855014493415
1	272	169	10	34.817674118885776	137.0181594203785
1	273	169	13	41.88671607655456	148.75778115095616
1	275	169	13	44.01406047267165	161.0969354666547
1	277	507	37	140.12417002499689	558.064937799684
1	278	169	13	48.42465789672461	195.30544425070994
1	280	169	12	42.45638992721828	167.24289170252842
1	282	169	13	46.06119064072072	168.1387201781825
1	283	169	15	53.09749046369774	206.51366850714868
1	284	338	31	106.83641695482626	393.7288173887618
1	286	338	23	79.177913679109	300.0046417836504
1	287	338	25	93.71718641310508	375.0961863010008
1	292	169	15	55.78704864820427	218.93237824763062
1	294	169	12	45.066684191821246	180.2959152396698
1	297	169	12	47.631810865440656	195.83106699806274
1	298	169	12	44.67240751594335	179.49878031797462
1	300	169	16	55.985547646094915	204.9807066104541
1	302	169	14	47.783455589390755	181.03242663584248
1	310	169	13	44.53367911916243	160.5432448114566
1	315	169	12	41.770345728628385	163.06726920912183
1	316	169	13	45.49624315106302	174.26121265618417
1	317	338	24	90.8201019574422	364.0506732787455
1	319	338	29	102.98525691179937	401.2589296995128
1	320	169	17	59.615698873882344	225.4597127565414
1	322	169	13	50.239022474558915	209.35157760781948
1	323	169	14	53.82129600600635	218.05134297803036
1	324	169	14	51.30157894392069	196.3844935144682
1	325	169	14	49.664503501481335	189.70993729094886
1	332	169	14	50.75267360968524	202.84878686421553
1	340	169	14	49.18978626612841	193.25575476270055
1	345	169	14	49.60783686920474	186.96021037852336
1	346	169	15	52.70278842564532	192.964232941948
1	348	338	26	95.2112315488309	365.9123285307497
1	358	169	16	55.24455790689339	205.38713949890618
1	360	169	15	52.481945992035165	206.9857186607296
1	361	169	16	51.86188126508368	190.97748071287856
1	363	169	13	46.98162760199614	182.1388101421696
1	365	169	16	52.61330083296877	195.4370889511993
1	370	169	16	57.90909100762971	224.79742376721774
1	374	169	17	54.86232297361262	198.39582573249135
1	377	338	33	121.59154250078251	479.84214858744065
1	384	169	14	55.65140512894402	230.3107048337891
1	386	169	16	55.72844209234412	210.99375596445933
1	387	169	16	59.038333683274345	234.13234585870663
1	391	169	15	55.51189473880464	216.6428644015657
1	393	169	13	49.76796215582392	200.8288499561757
1	396	169	16	60.24862550878095	246.03317317297314
1	406	169	16	56.09515820158498	224.03426488246805
1	409	169	13	48.50289166846147	202.71446431458267
1	414	169	15	54.284927882840286	212.4486283028798
1	416	169	16	54.1120234571208	209.53634355310592
1	419	169	14	51.161280921819284	206.35771573379753
1	422	169	14	48.27481393195044	183.12640102678986
1	429	169	16	53.61413577881032	199.0390543975231
1	431	169	15	56.80203037213984	227.40128794396458
1	432	169	18	68.78723502416028	284.1273052785853
1	433	169	13	51.00285433770077	213.6344870536176
1	440	169	15	53.087893077509214	204.5283403967859
1	443	169	15	53.62602963068258	212.7993875967523
1	447	169	14	54.53786267680213	223.98620814506017
1	451	169	16	61.09029764993891	243.71854577062766
1	453	169	13	49.575113196903835	202.9157149870851
1	461	507	49	175.43924404586542	671.2521810150072
1	463	169	16	58.23727820835104	249.07932211480963
1	465	169	15	58.791143352753224	244.7679936631808
1	468	169	14	49.40080330239391	199.1139421693845
1	474	169	12	44.364514120925975	174.53988465895122
1	481	169	16	60.26078609723426	237.9777017354823
1	486	338	31	119.43096683438188	487.4439410030113
1	490	169	14	51.658289991286026	216.39893968862984
1	496	169	12	48.548226732963656	202.54943913797246
1	498	169	16	61.29061297473541	256.1758545191417
1	499	169	16	58.37371822629244	232.19380701832688
1	501	169	17	59.1401348540524	230.0511600113612
1	504	169	17	59.69315562327956	235.63793464278416
1	507	169	17	61.07903092213702	241.853213049877
1	516	169	14	53.519200476848205	212.3981269442036
1	529	169	16	57.985136417365936	229.04136785116066
1	546	169	17	60.157346720400085	241.59657421023024
1	551	169	13	50.793190425141724	211.73916833740975
1	556	169	16	63.03994579017548	264.6212513873505
1	561	169	17	58.089684784313576	221.9211572120688
1	563	169	16	59.26475667199147	239.48304916551825
1	570	169	16	59.07456732473612	245.64818607727685
1	579	169	16	59.49196115707545	239.2052715145472
1	584	169	17	63.149679856620054	255.00629804508822
1	585	169	18	66.84984431471639	267.3231119628665
1	591	338	35	120.53473504406706	468.6600895326754
1	619	169	18	63.11785255494542	250.0948844710819
1	625	169	16	58.55950619139881	230.84226890397827
1	648	169	17	61.18937141877119	242.55758775640516
1	652	338	34	127.41458024363956	522.6373543925866
1	712	169	17	56.823621253146854	225.44240898654118
1	736	169	14	53.26237349850992	223.105761395412
1	749	169	17	64.25501763637722	270.90626227305194
1	781	169	17	63.79552780526734	262.45028508111034
1	815	169	18	66.05766237753426	271.7256849487372
1	856	169	18	64.91298784109696	269.7104769355589
1	865	169	18	66.88996062130214	272.1549896725778
1	866	169	17	64.63222714384531	271.15228037955904
1	872	169	17	63.53981997301091	261.858859380463
1	932	169	18	68.95644382240363	294.971550510222
2	0	5643	0	0.0	0.0
2	1	294633	745	2643.8300853638284	10337.125176635393
2	2	131499	544	1722.4633745423816	6126.144710866136
2	3	79857	478	1500.0628619160639	5386.8971356552065
2	4	55233	438	1238.610812088913	4067.025259041497
2	5	41724	411	1214.0660611126493	4154.4159333418565
2	6	27702	317	914.1012025062057	3081.831237034068
2	7	24624	345	925.3519136919191	2922.287982342537
2	8	19665	298	851.404805778926	2798.747629245572
2	9	19323	291	798.5161411546262	2595.685853241391
2	10	17271	325	865.9498991393326	2758.1877699568104
2	11	14364	261	728.5520052582499	2372.6870952500954
2	12	11799	228	584.4295421162687	1788.2086189580582
2	13	8721	156	416.92161601212945	1312.5468822525772
2	14	9063	203	569.8074955334837	1796.8981339685608
2	15	8379	172	447.7924659697449	1392.387107651338
2	16	8037	224	606.1062479191307	1893.2464183993234
2	17	4275	109	293.0115798130657	881.0002776369256
2	18	7353	229	641.972985937148	2111.7586482080983
2	19	5814	148	346.5621479209399	995.1950747841718
2	20	6840	178	457.5089517995814	1372.4068323346737
2	21	6327	170	454.5882938505383	1430.4498534445656
2	22	4617	146	410.6096461370572	1290.9908518418197
2	23	3420	106	274.9833012502419	815.8371525392536
2	24	3249	95	261.95938828289354	818.5434415161501
2	25	4788	144	385.62538059170106	1175.1680495928415
2	26	4275	158	422.0714105346069	1274.2384165056633
2	27	3078	92	240.53132128790247	742.0924136875911
2	28	4275	172	465.8958645717159	1434.4617114453981
2	29	2565	78	227.76981947270673	735.1171033635029
2	30	3420	146	399.3299766043503	1229.0234235317675
2	31	1881	68	190.79864289477365	608.0569913839547
2	32	2565	92	234.88752235268188	684.4958035521929
2	33	3078	120	325.1674734460853	1007.5985540918782
2	34	2052	82	237.90069107381976	748.9392633305811
2	35	1368	44	113.26205628988725	322.07182224720987
2	36	2394	87	229.18866078522205	679.092528820445
2	37	2223	94	255.50343639375458	772.405430648105
2	38	1539	63	176.99835469034338	553.7104475292062
2	39	3078	120	332.41121695575094	1040.388850785503
2	40	2052	87	219.3366018427522	648.2335284828164
2	41	1368	66	192.509539979075	630.2936088791739
2	42	1539	57	149.50760004920073	438.27023580654003
2	43	1539	70	194.9386426454249	595.6219269844962
2	44	1881	93	257.06004160300984	818.8420288409382
2	45	1368	54	151.2108499714277	476.57768971742286
2	46	1881	92	257.6840186986226	820.5254195893067
2	47	1539	81	239.5473867916486	770.3259218885689
2	48	1026	46	126.20568039277669	393.9250806156664
2	49	1026	56	160.31364888277955	508.456808491194
2	50	513	27	76.46388840505068	237.45474635457714
2	51	1710	91	241.72988436755085	702.2757055851887
2	52	2223	108	296.0797204855641	904.9841914241401
2	53	1710	96	275.182343416371	859.5260024915751
2	54	1710	78	199.92240217003456	584.9473770893497
2	55	1710	88	259.2924535327005	850.4631400178466
2	56	1026	44	124.20745916671835	376.665636276888
2	57	1197	60	163.92704615281252	493.08162680111855
2	58	1197	65	193.04691808574972	601.1809831419802
2	59	513	32	91.3740870279928	274.2040697504446
2	60	1197	72	209.5788988397484	669.2920660937726
2	61	171	9	25.7068136943762	75.89871959918277
2	62	513	32	91.19143702156842	303.34067844343804
2	63	513	19	51.84769243475873	154.0530307642478
2	64	2052	97	280.24439064826754	905.7047995815935
2	65	1197	74	207.89888187175052	638.2895440697789
2	66	1026	59	175.85924176691333	574.376876404913
2	67	684	36	108.64575831310162	360.39376384453396
2	68	1368	89	249.32939824211678	762.6830950728822
2	69	1026	45	129.61228007307625	396.17977615132384
2	70	684	50	145.19470279422936	454.018483583244
2	71	513	25	61.186556374966784	171.72625751126165
2	72	1197	66	191.29340343418505	599.8477804513539
2	73	855	47	141.88830688441794	461.28219691982787
2	74	513	25	78.6691448065716	256.9697495463024
2	75	855	45	128.29652061856987	400.04548864324113
2	76	684	37	100.38732179836748	293.4395518853146
2	77	855	58	172.92003110687926	550.2290719223788
2	78	1197	61	162.52585667499542	485.5945492079471
2	79	855	55	164.57453882987758	541.0263880314216
2	81	513	33	95.72669264253223	307.62747717980994
2	82	1026	57	162.9367974016076	505.84217117275887
2	83	1026	69	197.51265069131128	616.6644472976734
2	84	684	35	97.67592137236836	297.08838241890174
2	85	855	58	169.9829740649126	551.5578427562501
2	86	684	43	127.9981749156516	417.91864250369633
2	87	1197	71	217.3896586926254	722.5812730484737
2	88	684	48	141.38714200001647	451.85441658312516
2	89	855	54	160.13261575137903	520.7464176349049
2	90	513	31	84.06460141163345	248.35543187498556
2	92	855	50	146.46795440308975	474.46113864692285
2	93	684	47	143.3008079454308	475.249369310362
2	94	855	50	137.46791647120912	417.6115093413734
2	95	342	24	72.60098923386214	234.63228692697209
2	96	684	39	118.10141421227009	383.1085397225189
2	97	513	31	91.86657170850174	305.7254211502441
2	98	513	32	95.7143553944756	306.6252824348885
2	99	855	55	152.35202912665707	460.0413757137146
2	100	171	11	34.00383520436275	109.48248599852849
2	101	342	24	75.17329562693705	253.64622245936667
2	102	513	37	118.18487487997439	406.2755237190496
2	103	684	45	127.09077689067767	383.7191090167746
2	104	342	29	89.20775553166456	290.6848894836098
2	105	513	37	109.73089847052694	357.27819022623703
2	106	513	31	86.40240301197474	263.975832499144
2	107	171	9	24.83587551885779	72.15421483066524
2	108	513	37	105.48195310372111	327.38113083879097
2	109	171	12	35.36007233488037	116.94888462292835
2	110	342	19	53.20657053705321	158.22058059156757
2	111	342	29	86.63657608455027	289.5303420731118
2	112	342	23	72.82703142203178	248.73762610562187
2	113	684	45	132.4167459516023	430.9430802011701
2	114	1197	85	260.39717793435926	857.410622794051
2	115	513	33	99.22187917571702	326.31357163948934
2	116	171	14	46.61787843414182	164.17170017366402
2	117	171	12	37.160603867016974	124.15596303481342
2	118	1026	78	231.3260815463174	741.6108276856654
2	119	855	55	162.5141518885962	534.7238238455727
2	120	513	33	91.13464941279602	269.47215779529006
2	121	684	42	132.74122211576469	466.59275465316506
2	122	513	37	101.93606243187585	327.62315375076736
2	123	171	17	49.55466334389752	163.9215516750138
2	124	342	27	81.58342518425243	267.0944797197669
2	125	855	66	202.02694878993304	673.8557907528066
2	126	513	47	143.51308286977115	472.11883947381625
2	127	171	12	35.05353780023378	119.6175921238777
2	129	342	29	88.44022864438381	291.20994758172856
2	130	342	27	78.64394762288912	238.66041596882565
2	131	684	51	151.18954705302008	504.5252405310521
2	132	342	26	78.09402316853753	254.20024091939916
2	134	1197	85	253.69955246099926	820.6318352840002
2	135	171	11	34.72277373320885	115.03524372326356
2	136	342	29	81.8419229379055	262.383972821633
2	137	342	23	66.38428492647904	213.25607537423662
2	138	342	29	93.07453713363383	326.9097701920218
2	139	513	34	99.69478917375955	312.50895642131553
2	140	684	51	154.42538382948317	515.2582865261531
2	141	171	10	30.319955940476113	95.3124315380937
2	142	342	22	66.40890473391154	216.9590788118421
2	143	171	15	46.25484363699056	152.6506860110083
2	144	342	26	80.32560657766007	273.77054440052706
2	145	513	41	128.43306167057744	437.22051624335853
2	148	171	16	50.95481463165678	179.27420404873612
2	149	171	11	37.56527683930199	141.13384241335632
2	150	342	28	90.61058269317913	309.68687274426287
2	151	171	16	43.35287991692519	134.14369689217943
2	152	855	76	218.75507183121488	694.4923147584611
2	154	342	26	77.4104236981363	254.97474560725198
2	155	171	13	39.92627627261626	130.74945604229447
2	158	171	18	54.379966465237466	179.80215447115378
2	159	342	26	70.60068428451635	211.41800865720495
2	160	342	29	88.726403993084	289.12654120778086
2	162	171	19	59.2223509578488	212.12263318516733
2	164	342	30	92.53359598924456	301.5777016508789
2	166	171	16	49.95935406499282	180.52774827442963
2	167	342	33	96.5494271263511	313.2060740555118
2	168	342	30	88.33277510804511	294.29747900721816
2	169	171	15	45.74681432945651	150.19036010077926
2	170	342	32	96.66991917247873	322.76411684610684
2	171	171	16	52.71856459169093	187.41575840051848
2	172	171	13	38.15669993765431	128.12725970404236
2	174	513	44	136.04499695594842	460.5698599698345
2	175	342	37	104.07503650421751	322.36172997943953
2	176	342	29	88.60526644637397	288.5206104387544
2	177	171	15	45.22286177759503	146.2716487668277
2	178	171	16	47.41326052654671	160.10686892067585
2	180	171	15	44.20909044515355	143.0145437085666
2	181	171	16	56.40670747286194	215.2280800548446
2	182	171	14	41.18911957460036	131.5354216109509
2	184	171	18	54.183582656760244	188.74210855381568
2	185	342	34	94.36460980131675	285.97251855832496
2	186	342	25	77.180990388862	255.18143491407199
2	187	342	38	119.22934301857455	415.520174895354
2	188	342	31	84.57713917736082	271.6120621501082
2	189	171	14	32.301658675635444	79.99092854112641
2	191	171	14	42.02392081935976	136.53230302359626
2	192	171	12	34.16642492144001	113.22459812649379
2	193	171	15	46.49565494948009	153.0353834914933
2	194	342	26	83.41574698649819	293.4382807903987
2	195	342	30	90.67649441248217	301.77965834904217
2	199	171	12	38.119233977300354	133.52094070367679
2	200	684	53	160.42607817357055	549.351926226313
2	202	171	14	46.1766404704596	158.25263063781526
2	204	342	29	84.97332273979406	271.882974951442
2	206	171	15	49.21867405190197	171.72913860537125
2	209	171	15	48.86040674403047	169.7586313177257
2	212	171	17	49.22642329489588	149.73753949669157
2	213	342	33	103.43521870214238	359.0494154121794
2	214	171	15	45.64865280871818	147.37125349037004
2	216	171	17	46.6115608796589	139.1528237659851
2	217	171	15	41.83464352514187	136.6259053315324
2	219	171	13	37.682152073336354	113.74354189444679
2	221	171	17	48.9525755890175	159.0692960913745
2	223	171	19	52.38599876857417	166.07601165790817
2	224	342	32	89.1094022067962	276.7202165574269
2	225	171	17	52.83945448845699	176.5071675168519
2	227	171	17	54.616024429826055	194.81527157317367
2	228	513	59	173.75123941846803	577.5282615763776
2	230	171	20	57.37396175981873	177.17399435760262
2	233	171	17	49.6206723386844	154.94303639862898
2	234	342	36	103.34686972407351	326.7778024317604
2	238	171	13	34.57346379389371	96.08331279834266
2	240	513	52	158.99641389051158	536.1765064800967
2	243	171	14	46.50704446384091	164.23579686679176
2	245	171	16	44.98880382477675	143.69773246267857
2	246	171	20	60.34695008549479	202.8410497270957
2	248	342	35	95.7774021911471	299.7535273785205
2	252	171	16	54.566676479734895	194.50107364753003
2	253	171	18	53.38638656970505	173.3416085100224
2	256	171	13	47.11780681039065	180.1845335401058
2	261	342	36	106.65643737736706	349.2316566855904
2	263	171	17	49.06528300127989	163.97127357925004
2	265	171	19	61.6240147393503	216.66894709940428
2	266	171	18	53.68476138237603	171.16401610283015
2	269	171	16	51.47377984239935	181.48106393078695
2	270	171	17	55.48370752524958	195.23448752521907
2	272	171	16	45.52494134043977	141.86244703329135
2	273	171	17	45.87021742714383	133.20528461375096
2	275	171	16	50.977061583808265	175.93922548186117
2	277	513	51	149.49829537426052	475.91444073153684
2	278	171	18	56.01323148359024	186.60146738689235
2	280	171	20	58.13607969518078	185.27301289547404
2	282	171	16	52.929107243778105	187.20609483415342
2	283	171	17	47.694044046960855	151.27828845638348
2	284	342	36	105.68529234631521	345.32985659260333
2	286	342	36	106.6281887566432	353.94652589553345
2	287	342	36	106.89278099873914	359.72359993120034
2	292	171	19	59.7529117198034	203.83079929870922
2	294	171	17	53.544340871912226	185.5722677228708
2	297	171	19	62.14045530802822	217.0460805151105
2	298	171	14	44.584371682790135	154.55686651535757
2	300	171	16	46.640257455268646	159.16792006405032
2	302	171	20	56.659354378244444	178.1909556589597
2	310	171	20	62.32870322485677	215.6793779151896
2	315	171	16	49.89509260616488	173.0464924188537
2	316	171	18	50.26161901158284	157.37772035544833
2	317	342	36	114.31922977206435	405.59407780561025
2	319	342	41	125.95944395854154	421.47284617011076
2	320	171	20	61.839107052298	210.43448098243408
2	322	171	18	51.38534283524221	159.88981506279998
2	323	171	17	53.562883958431605	186.42654183826545
2	324	171	18	54.23204604101046	181.20406628601577
2	325	171	19	57.03006164694433	183.70343966901612
2	332	171	19	57.03347988045158	187.51166727475965
2	340	171	20	62.80687167845454	216.9663256304135
2	345	171	19	59.34018334949511	205.5696243839351
2	346	171	19	56.09206707387554	177.78106883584874
2	348	342	36	104.51613858823231	328.92196390681687
2	358	171	20	55.72295251972174	171.8704215853598
2	360	171	22	69.69602483024964	246.23638360748538
2	361	171	21	67.15676527571952	235.30105227732224
2	363	171	19	58.517079230865654	201.23667328591216
2	365	171	20	60.29999950176375	200.0809421814556
2	370	171	17	56.27295003450617	202.75147308084013
2	374	171	24	71.08227019154374	239.81212718029585
2	377	342	44	132.13920256252175	434.83032871242557
2	384	171	21	63.12769601783464	208.45122376538723
2	386	171	22	60.99414081552588	191.38167260004
2	387	171	21	60.71102913497564	196.0468038638641
2	391	171	21	62.330987049829005	203.1622470701559
2	393	171	20	63.80913208828733	227.9985485386177
2	396	171	23	72.51514905681894	251.79209702316135
2	406	171	21	68.86557485655185	249.974254335499
2	409	171	21	67.62385516887699	238.08328923637524
2	414	171	22	72.06024731715831	258.41294625042553
2	416	171	22	66.92467189478816	228.47127882077484
2	419	171	25	73.59119923054362	239.78639554841203
2	422	171	18	59.5436508435489	213.29158989173692
2	429	171	21	62.74159921690158	224.6057443600676
2	431	171	17	52.63643733926641	186.31207369387192
2	432	171	23	71.57208057431869	242.68010257031895
2	433	171	22	69.37218409117304	236.60156090847278
2	440	171	23	71.11470657135467	241.2021662174788
2	443	171	21	58.18173394021484	181.2774920198138
2	447	171	19	59.09678457484392	207.2502274998562
2	451	171	22	69.4142828547645	238.81268635852408
2	453	171	23	67.93611187690261	228.77422493443868
2	461	513	67	207.37109488172123	708.6737058893799
2	463	171	22	71.24483213053564	262.64561398023517
2	465	171	23	72.22142609005287	246.87371418313688
2	468	171	22	63.702119022874115	209.55082261910982
2	474	171	23	73.10721057468128	259.5825796069847
2	481	171	21	72.83144818816596	266.67533018809445
2	486	342	45	147.01361203913285	522.2227387851215
2	490	171	20	61.89496103119333	212.31392671820365
2	496	171	19	60.151408136697725	213.19145419726945
2	498	171	24	74.78187870295201	261.5303273156987
2	499	171	21	67.58242037224387	240.99274492194854
2	501	171	24	76.16345866841795	271.86696238983313
2	504	171	21	65.95830740227501	234.17104863990093
2	507	171	22	69.35333381657227	244.0515424531333
2	516	171	20	64.64987617635182	229.0049596314566
2	529	171	23	69.95907196548464	239.78987894722314
2	546	171	24	74.64421644648844	260.1697299605617
2	551	171	22	70.76131128446671	251.24622526576394
2	556	171	20	69.1105671927224	251.86824861393148
2	561	171	24	72.24659025184964	254.68450487635306
2	563	171	23	69.56107750739417	240.62913570482525
2	570	171	24	75.37831209458649	261.8311341956815
2	579	171	22	68.87314916515027	239.32835550674935
2	584	171	25	81.5359464369386	296.34111782760465
2	585	171	25	76.7440091201441	264.4379342155187
2	591	342	47	142.8988878416521	492.7939875374075
2	619	171	24	75.09301673361192	268.24051192879097
2	625	171	23	75.03164651586667	276.3678838092495
2	648	171	24	75.16222323913775	263.9559181334731
2	652	342	50	162.20517563191441	585.0229729541918
2	712	171	24	73.45465656919863	256.175960766009
2	736	171	24	76.82410030687456	273.0591096627555
2	749	171	24	75.09766123320314	266.37189118208926
2	781	171	25	80.8371199846683	296.00003856259855
2	815	171	27	87.47611672107266	313.88938951589137
2	856	171	26	83.15464311844524	303.2910202688306
2	865	171	25	79.97856149684834	286.4144346155813
2	866	171	25	81.27736364373007	293.67958302685224
2	872	171	25	80.85297171010158	292.18170052191795
2	932	171	27	86.74801217731242	313.6253234746406
3	0	4554	0	0.0	0.0
3	1	237774	1101	3482.31720206103	12594.913489812627
3	2	106122	825	2347.6604805433267	7856.855028957939
3	3	64446	818	2287.1977825339236	7432.338262675918
3	4	44574	702	1775.49495948545	5412.316759552496
3	5	33672	677	1756.809113177099	5450.282059228312
3	6	22356	493	1218.6734793585874	3723.4131720989235
3	7	19872	593	1414.6132177194531	4137.7500316884425
3	8	15870	479	1193.5065804535875	3602.779520346282
3	9	15594	496	1198.0919102073653	3555.8459173100205
3	10	13938	532	1184.4513330190775	3313.0057101003476
3	11	11592	416	989.4165376596288	2846.995425045518
3	12	9522	352	767.6746091585	2152.062003710405
3	13	7038	244	545.9193684994661	1559.9381908615494
3	14	7314	336	841.5454794178178	2537.1436941885363
3	15	6762	296	656.6598391911416	1829.0065651652583
3	16	6486	362	815.6285358894461	2211.629840267711
3	17	3450	199	486.0163042006404	1423.1741604387835
3	18	5934	376	847.6644996608927	2310.766010647916
3	19	4692	233	454.4050533044226	1170.2333695048437
3	20	5520	315	736.011887314215	2172.6733229741394
3	21	5106	285	644.8557097593344	1807.2819788468341
3	22	3726	226	552.8282517800915	1624.611344353368
3	23	2760	179	420.9904749349208	1235.9296936224368
3	24	2622	185	425.9374843018237	1194.2387816203081
3	25	3864	279	633.0748698058462	1715.510537954821
3	26	3450	251	573.4395110926391	1596.0422463968803
3	27	2484	166	365.6191644919852	1018.9483573669382
3	28	3450	287	621.9867303241889	1623.918141130098
3	29	2070	132	325.5401929695275	945.6509826947599
3	30	2760	242	568.1452563107626	1598.3763285856085
3	31	1518	116	274.98588042665244	773.0960915368695
3	32	2070	168	354.27111037925397	913.8670454387574
3	33	2484	211	472.8156237674733	1277.60813911408
3	34	1656	133	323.3565559750257	905.0661001382559
3	35	1104	70	164.58703389682785	478.9790609380905
3	36	1932	168	409.46627384907276	1194.4668320299597
3	37	1794	183	443.40891796116495	1237.4875935259493
3	38	1242	96	224.23640132505292	635.97882363391
3	39	2484	203	453.84496716833803	1194.7380499479834
3	40	1656	129	287.3932972143476	781.0898083039006
3	41	1104	110	264.64614753834275	752.7483934961617
3	42	1242	98	219.233071039253	589.3308125308668
3	43	1242	123	298.38444388758694	878.8319276552473
3	44	1518	152	338.20374888714565	912.5759119725369
3	45	1104	104	241.62629253153258	670.1012831675985
3	46	1518	167	385.08511281542303	1071.541302022626
3	47	1242	136	351.45576444666085	1053.187597736718
3	48	828	80	178.89385601138025	476.6830869794324
3	49	828	93	220.6031202874467	621.4104802448306
3	50	414	44	106.48570371767974	296.70950083095653
3	51	1380	160	354.1433889813457	921.3261185735613
3	52	1794	182	439.8624748027863	1263.6518832382062
3	53	1380	164	396.84107324661136	1130.1968923592094
3	54	1380	148	353.5340169291321	1042.1222503552265
3	55	1380	159	379.6604132529088	1047.492230456403
3	56	828	76	189.96623928749955	549.6058395372831
3	57	966	105	234.31869361335657	626.6641613225459
3	58	966	120	308.64148855683237	868.6554329293986
3	59	414	62	168.45900940486106	501.81774371680234
3	60	966	114	266.0701615805141	696.3868298077742
3	61	138	15	37.825644754966135	110.95611250398862
3	62	414	49	106.52151205170765	280.0456211984893
3	63	414	39	108.91821690048437	346.6926882623991
3	64	1656	182	443.97213715450005	1231.8091025947022
3	65	966	122	297.03255083687367	822.4640613243967
3	66	828	91	232.30188899572715	685.9223646049618
3	67	552	59	146.52887867780973	417.395196575063
3	68	1104	141	347.90773593321774	1014.0517318875699
3	69	828	76	193.72111794521913	563.8020190244833
3	70	552	72	175.33794918424553	492.2362747181718
3	71	414	43	91.15128220851327	249.40097291452471
3	72	966	98	234.20697628627312	621.6054503654067
3	73	690	81	216.33668735428517	643.2544918480318
3	74	414	53	143.8958386213224	432.5202400258531
3	75	690	83	203.73262498981182	582.8755878263125
3	76	552	74	180.89266262932045	496.2419538409482
3	77	690	95	247.4258316423814	721.2783054872407
3	78	966	102	246.73552668966414	708.1994216295428
3	79	690	88	218.39138787314806	599.1284936000912
3	81	414	48	128.53507434674958	398.7132017363424
3	82	828	109	274.65089580458084	768.1591318208023
3	83	828	115	298.1889328094824	881.1914602770364
3	84	552	62	163.98839556867415	503.57048266251604
3	85	690	107	263.42648579044504	727.7725980529219
3	86	552	63	166.20768948998457	497.3428459998428
3	87	966	116	305.74702556195325	899.5195342712775
3	88	552	68	183.1006004546615	551.1227928080007
3	89	690	89	230.11596460592006	661.532982316726
3	90	414	52	126.64833407031138	364.7846902652442
3	92	690	80	205.1101093792763	603.3348308039263
3	93	552	83	211.8028982915758	603.0027324530182
3	94	690	92	236.46841076623974	689.2380929839157
3	95	276	46	126.85545145493853	381.72837758341586
3	96	552	74	192.29624821798268	557.1148218119808
3	97	414	50	130.8266330501379	392.9561703417721
3	98	414	55	148.5673398033457	458.6088763131019
3	99	690	94	233.47164597761343	669.8124585374214
3	100	138	20	55.837937362124826	167.7448389077237
3	101	276	47	127.62766402122651	375.1838210198878
3	102	414	53	150.7256072463686	472.5607389168686
3	103	552	72	184.1907874009304	519.8608855875923
3	104	276	40	114.35821630052727	358.8317198061163
3	105	414	55	138.754163764634	395.29766322420653
3	106	414	55	137.7027273667677	410.058324953849
3	107	138	18	43.24481982260356	112.71821776971197
3	108	414	61	161.4322432857362	482.21966578875583
3	109	138	23	48.76546020064743	123.61324073684062
3	110	276	36	94.46510883585299	285.2424692196354
3	111	276	43	108.59418259425455	325.1238099573018
3	112	276	40	109.04369361968838	315.51931229282275
3	113	552	71	167.45166557904233	438.57183348966424
3	114	966	149	404.98364150814155	1202.828850293997
3	115	414	47	121.20101137576825	345.08495165219983
3	116	138	22	64.90935757515179	198.17428782665075
3	117	138	20	51.2688058047009	144.59251620447714
3	118	828	122	336.99835264615496	1034.4896784465882
3	119	690	92	228.29431353828556	641.3107826596032
3	120	414	53	135.14727443475982	384.3808926573105
3	121	552	69	194.72345285839015	614.8256545066647
3	122	414	62	141.17048393209194	401.8674121616243
3	123	138	29	66.881509669756	171.31927622311895
3	124	276	36	93.48496928445716	270.13204614152767
3	125	690	101	258.40467908817226	717.9676683884277
3	126	414	67	183.2856444916623	559.4394864538788
3	127	138	27	68.14145533443164	194.77229923792976
3	129	276	50	130.42920915463074	372.20393440109916
3	130	276	39	106.64856457236763	309.94363136774734
3	131	552	97	252.88330058667458	743.8138017588553
3	132	276	49	124.04341732134361	338.39442108822476
3	134	966	147	375.1871903602564	1048.779306737345
3	135	138	18	56.168269958593726	184.65018296944137
3	136	276	40	104.30388135888995	313.84055780414894
3	137	276	34	79.88099726382728	213.61130113230035
3	138	276	39	105.57854220755512	299.02815717789366
3	139	414	57	152.96154710387003	446.51403316747985
3	140	552	72	192.59681694650232	565.1263199067271
3	141	138	15	35.03607486258146	92.73198252184727
3	142	276	43	125.05509751251535	394.64697860991777
3	143	138	28	73.79528996711522	214.93738040793795
3	144	276	51	128.11134218108288	358.5504525061478
3	145	414	65	179.30803899531355	537.6458511187618
3	148	138	30	77.5249170127555	223.99661573940676
3	149	138	16	45.467470121634946	140.5367728668469
3	150	276	52	134.3779220361611	369.9144041362092
3	151	138	21	50.605530332077095	152.18742139371818
3	152	690	114	296.68239096643026	873.3738219322969
3	154	276	44	119.08557023541576	347.64848598152236
3	155	138	26	65.6450641855284	187.0834874866731
3	158	138	26	76.56534886151533	244.52015671247702
3	159	276	44	123.79377427100674	392.49854881245085
3	160	276	43	121.86261280833762	371.22104555732676
3	162	138	25	69.28409021378462	213.61283241736987
3	164	276	52	145.4632498428059	449.0902795626243
3	166	138	22	66.76615778378192	225.07233523220268
3	167	276	55	137.78243350863895	386.4022369082772
3	168	276	41	115.89241361244751	372.9113644779398
3	169	138	29	70.97497560374217	190.25723597923104
3	170	276	39	103.89326733114476	308.9144962577003
3	171	138	21	65.59697805551392	226.10456243282349
3	172	138	23	58.278489003091806	167.0537982011078
3	174	414	81	218.73994892417033	647.7890371442609
3	175	276	53	131.36916226392285	362.46703403072826
3	176	276	49	149.7625533515464	506.4499548076599
3	177	138	29	62.27730584703143	146.787816628876
3	178	138	25	68.61697296945454	207.1874904654868
3	180	138	21	55.73796998431972	160.72002219003178
3	181	138	24	69.25133068423098	208.13504110893632
3	182	138	31	78.81903861618002	237.61736818052395
3	184	138	26	63.2545775034732	179.68928870027318
3	185	276	64	160.09867616241934	450.0804697524716
3	186	276	43	122.24482821540155	382.4830249371952
3	187	276	55	145.26450916145924	422.3732070714357
3	188	276	56	131.69157969676618	360.2996303012866
3	189	138	19	50.57493869134643	151.79697877454373
3	191	138	28	74.63356801740483	224.3534417575043
3	192	138	20	50.93989418806319	148.1694353089911
3	193	138	19	52.0720725545757	150.2963181151544
3	194	276	36	93.1993350737369	263.45243840160333
3	195	276	53	134.68254458227182	383.0284892930963
3	199	138	21	60.44077035330096	193.35598362543038
3	200	552	87	246.4193088718107	783.8888091780101
3	202	138	26	74.28559738251906	224.11757302748458
3	204	276	58	157.28402380504286	494.1683413660283
3	206	138	25	74.13967206758055	235.86144331077352
3	209	138	23	67.44789436815691	210.48478567212075
3	212	138	24	68.09030632121296	209.14027128668164
3	213	276	47	134.5081280116576	427.5288872854177
3	214	138	25	68.66588290338854	198.94037304609478
3	216	138	33	91.02152675249621	298.48279693376503
3	217	138	30	76.57209759531638	231.239314166079
3	219	138	22	64.47909903414455	200.57024395953619
3	221	138	24	67.80833915925251	209.78822697938546
3	223	138	25	73.55174325111156	239.0934628557994
3	224	276	48	136.41440124911452	427.10611022311343
3	225	138	24	78.5769972356234	272.4952561404803
3	227	138	29	70.45474855927841	195.56329572851845
3	228	414	79	230.2891595081719	738.1332697739981
3	230	138	35	93.56444020837876	275.7507573322338
3	233	138	25	75.7726188296071	247.44209099889565
3	234	276	57	156.4088975652918	474.8289466527097
3	238	138	27	66.18492756806158	180.33301004558112
3	240	414	92	250.0450074827587	750.629056317563
3	243	138	24	74.86603350895012	248.27041106908484
3	245	138	22	65.51249282074733	229.46991455378276
3	246	138	31	79.05738795981449	229.24245984661138
3	248	276	55	152.42501062596114	489.1923772223174
3	252	138	24	71.77445471011525	223.55727083035035
3	253	138	28	72.1719670350661	205.4802453872802
3	256	138	22	70.24594922025557	230.77648795518013
3	261	276	67	185.20042004590636	589.3715134771332
3	263	138	26	78.74383383617402	275.2445087120563
3	265	138	33	86.51329806087526	254.05449679289123
3	266	138	27	78.09426995549896	240.29624862553757
3	269	138	25	67.9347260182125	198.10092992555502
3	270	138	19	56.458510233362006	174.2490827109661
3	272	138	27	82.91272448229233	277.66431702482805
3	273	138	29	70.09696524967204	191.2005824148785
3	275	138	32	89.49077629377587	281.6112572051634
3	277	414	85	241.2354475376262	757.4242058451471
3	278	138	25	75.33659486261476	238.19699249843222
3	280	138	27	75.37093790769416	241.14551708143603
3	282	138	24	76.33155940814987	251.06837085419508
3	283	138	30	72.34167926854656	201.46339736922704
3	284	276	63	161.78484159912935	473.9994694945879
3	286	276	61	166.0690309300025	503.3940799595975
3	287	276	66	168.79158419667274	506.71631676339814
3	292	138	35	97.00461127537537	297.98538608851413
3	294	138	29	83.79122193605626	257.3049811301133
3	297	138	28	78.49017565471523	244.976291625754
3	298	138	32	93.88708022372111	312.07307136830286
3	300	138	30	74.08293131125939	227.31602027980503
3	302	138	30	89.4511106082662	282.27564416361804
3	310	138	33	85.09345702878286	240.4679321328571
3	315	138	26	75.71463787985292	242.13961140998933
3	316	138	29	81.25852276367661	255.3362317921483
3	317	276	55	155.18198242135514	483.1118187775493
3	319	276	66	189.41964577905043	592.4033703952884
3	320	138	34	88.28890690298675	260.6481738104453
3	322	138	28	86.95212899911482	282.54524664469636
3	323	138	28	74.55411527148071	223.98006096218265
3	324	138	24	70.08631811087753	221.70363349214387
3	325	138	26	82.66778951581263	273.73959654343224
3	332	138	31	79.78697337657212	228.8595209350543
3	340	138	34	81.87432804794055	225.08461189921724
3	345	138	33	85.13515017457487	246.3562161584856
3	346	138	29	77.54753930970253	242.25422142206463
3	348	276	51	155.7023371602461	506.617577760178
3	358	138	35	93.60131248842329	293.52105191846664
3	360	138	34	91.37899289046794	274.9952167858512
3	361	138	36	95.24945058715207	293.20044188429694
3	363	138	27	81.00156492022339	274.65404003750416
3	365	138	38	102.5735763745567	303.49701660150845
3	370	138	27	81.58953818105539	274.3962358437009
3	374	138	34	88.54922957347198	255.7553984541202
3	377	276	72	194.1669216212003	597.745677685601
3	384	138	28	91.76551777031142	319.16274889952354
3	386	138	38	102.55471842530244	318.0513583085909
3	387	138	37	105.93746635547168	343.1094585153989
3	391	138	32	85.50301829026199	258.96469982717986
3	393	138	31	92.15338892540635	301.9747511325516
3	396	138	28	84.16460023777984	267.75799578637003
3	406	138	32	92.9958071347382	287.4217770791752
3	409	138	32	91.47747606473976	298.8009381283891
3	414	138	35	97.41608472473038	307.16030092422494
3	416	138	31	92.46584268420291	299.92080048995643
3	419	138	35	94.40078452598337	294.2373110444135
3	422	138	34	95.12696136516419	311.97445369301784
3	429	138	33	85.09456731874299	260.97626853742304
3	431	138	36	99.67896865015527	313.19871846316823
3	432	138	39	114.11503117742029	380.8949212540655
3	433	138	35	101.42335156492945	324.5359361171941
3	440	138	37	100.21204154498938	311.9529449313395
3	443	138	34	89.53823108862233	274.30699294925705
3	447	138	31	86.02580503581146	265.55210899820304
3	451	138	31	99.43780913689629	342.7982326698934
3	453	138	39	111.86865432851476	375.6606198814892
3	461	414	109	296.4185813557607	918.9417123945044
3	463	138	31	102.38779096275036	365.9007716312558
3	465	138	34	110.78063085075735	389.67230575381114
3	468	138	35	91.30440412401717	269.5848684485401
3	474	138	32	85.15000065333791	256.8254282523929
3	481	138	30	99.82040794812221	357.9876642519758
3	486	276	64	192.34385070100905	639.000844697721
3	490	138	36	97.82647482676629	305.3458517145507
3	496	138	26	78.9551425142043	249.53389192764598
3	498	138	37	106.4637991854259	353.89279576472904
3	499	138	33	99.39782768982684	345.2912888233794
3	501	138	34	94.49224258938844	298.2852281571277
3	504	138	37	104.43496839313127	339.69797634857485
3	507	138	31	96.06404144771574	316.4446239851251
3	516	138	29	97.80951041880932	348.3998570263133
3	529	138	36	102.85926256657714	344.00602832421293
3	546	138	37	102.23089301251377	328.0662472657901
3	551	138	31	88.94862797029802	290.72990904522936
3	556	138	31	96.98122505243538	323.95732249343087
3	561	138	35	96.92244159317103	317.64231611020136
3	563	138	39	111.94271784378793	371.9125293025299
3	570	138	35	102.86735772441966	348.3547796580923
3	579	138	39	109.60706050234893	353.86584126300215
3	584	138	39	116.30557353098914	401.0651505124853
3	585	138	35	99.95576538408307	332.8405031578098
3	591	276	78	223.68266171622636	739.7034573307117
3	619	138	39	108.59638058848697	346.36700611874295
3	625	138	39	110.23616060031262	351.3587828368103
3	648	138	38	105.42881350976614	330.8786629696572
3	652	276	78	232.47733986447705	793.7154619140179
3	712	138	39	113.47078751982806	379.99782192088804
3	736	138	36	99.46805573447323	321.6728401916544
3	749	138	40	119.7576487177003	417.87305715383343
3	781	138	38	108.7949674930582	357.258534355097
3	815	138	41	122.13038353301846	423.8389653050937
3	856	138	38	113.36123359146045	398.15879276580074
3	865	138	39	117.7077577355685	414.7695262391821
3	866	138	41	123.48923516962905	429.2799828758288
3	872	138	41	123.43760852637894	432.7090985949893
3	932	138	41	123.69243109210346	435.6560785441919
4	0	3960	0	0.0	0.0
4	1	206760	1503	5085.57714150583	19514.704558813813
4	2	92280	1109	3377.8043946979888	11977.764092550238
4	3	56040	1000	2914.9034878189414	9819.808274066683
4	4	38760	901	2427.756973921004	7759.2917090375395
4	5	29280	880	2393.586033372612	7652.210414582201
4	6	19440	635	1652.541641800024	5211.489430897403
4	7	17280	746	1860.4341328903083	5632.998665934854
4	8	13800	623	1620.6210445021143	5033.762110554078
4	9	13560	654	1673.247612237606	5121.669839406733
4	10	12120	729	1817.9066261627445	5500.30638184348
4	11	10080	563	1452.0199925468132	4447.302481389713
4	12	8280	495	1203.3659815300832	3617.0180133704566
4	13	6120	363	864.4905192997302	2532.1874748695695
4	14	6360	431	1117.9338367642815	3441.29762844587
4	15	5880	392	959.0170327127075	2897.5396121998883
4	16	5640	462	1105.0800055964503	3110.7012485805026
4	17	3000	253	648.7259262341947	1938.494356873649
4	18	5160	518	1270.0967214535965	3729.533384314864
4	19	4080	312	670.3511333541462	1835.5518710685224
4	20	4800	419	1006.5250302087252	2937.88927739394
4	21	4440	407	981.6183281125111	2887.2184172010566
4	22	3240	305	753.3045067691866	2194.9397368860664
4	23	2400	255	643.1693980041554	1923.6444150141574
4	24	2280	261	633.2220886257458	1815.0505852543292
4	25	3360	363	857.9381288138011	2422.131009376767
4	26	3000	343	823.1118477338163	2346.2710780844104
4	27	2160	217	510.87401312571853	1492.6526160116418
4	28	3000	408	936.4059331721285	2523.4428866441467
4	29	1800	189	495.4284168653369	1486.1704896355625
4	30	2400	322	786.3239816035796	2286.728134685614
4	31	1320	149	376.07991924018336	1122.3099456596474
4	32	1800	222	513.5996223966932	1453.3200010411833
4	33	2160	270	626.3134139637368	1733.7669011399012
4	34	1440	189	456.44526752526633	1236.076586841918
4	35	960	98	219.16762234565323	593.2239113154342
4	36	1680	215	531.7402551770035	1522.7035613100506
4	37	1560	230	554.7391263365962	1545.693118576662
4	38	1080	136	315.082844008416	859.403563208966
4	39	2160	304	728.0231165779646	2058.9957727599062
4	40	1440	185	448.9101445775043	1309.545776391387
4	41	960	155	371.29788782387357	1063.0684163231103
4	42	1080	132	304.8476038532508	845.703660259855
4	43	1080	174	433.0583310001002	1277.3803335960574
4	44	1320	208	490.24690483040854	1377.2108225958737
4	45	960	143	357.41317458554386	1075.105860766897
4	46	1320	203	502.96642924233333	1469.2219182198037
4	47	1080	194	528.3007172321907	1631.3873369244427
4	48	720	108	256.83485554750246	708.2995334406004
4	49	720	130	315.893717314593	922.3213391904571
4	50	360	60	127.97236424997739	313.33175013226776
4	51	1200	224	498.9317345392075	1314.4822644665812
4	52	1560	264	635.2280946338672	1772.2953505200117
4	53	1200	222	563.3891190330766	1675.834581102767
4	54	1200	201	478.60569353456435	1384.8088314252186
4	55	1200	201	508.13523834801765	1510.313840192674
4	56	720	112	274.8067427646706	807.0371266640806
4	57	840	139	321.78323986428467	876.6431873012405
4	58	840	153	396.7318546144396	1152.5182238634418
4	59	360	80	209.5343349121858	599.9002851440433
4	60	840	154	377.8432747898879	1099.8954165190048
4	61	120	24	61.521272913389865	182.8269782630305
4	62	360	74	182.9874023865484	518.0050823611798
4	63	360	53	139.11417038410758	422.1092995925593
4	64	1440	258	659.3394546254234	1913.9341154897122
4	65	840	166	380.61860348296074	995.4641897822173
4	66	720	130	319.0904445505355	921.8900188623136
4	67	480	80	212.5571158145097	654.584138839185
4	68	960	218	562.3145028383383	1677.280098204008
4	69	720	120	304.69162602294546	859.4008592549721
4	70	480	111	260.361917025322	700.9257609106746
4	71	360	72	167.7208944439524	463.5693319890127
4	72	840	143	344.5761593400401	973.4908234131403
4	73	600	116	292.5574379785444	823.4519284602903
4	74	360	74	202.722759881853	626.1548350070163
4	75	600	106	261.3241822080655	762.1272573656715
4	76	480	96	249.17229863188876	752.5091612929447
4	77	600	120	307.1121200173777	871.7433187157328
4	78	840	148	329.9395080565174	907.3867651001722
4	79	600	117	295.0884177749981	851.6945553151454
4	81	360	67	168.08231516344011	477.05983627770195
4	82	720	143	373.32262852776284	1085.4421087549654
4	83	720	164	424.9970004424295	1253.0895368838187
4	84	480	84	218.2063666872629	646.6313959519484
4	85	600	136	342.49942374881596	996.1150743059923
4	86	480	95	243.56884393584045	737.4348224213269
4	87	840	163	419.1471028735867	1226.6215208651179
4	88	480	99	262.4277844630153	789.036209419221
4	89	600	123	326.4974464452495	969.488414247524
4	90	360	74	171.7532783601476	485.0469113886737
4	92	600	133	323.6392541208276	917.3292526926206
4	93	480	100	266.0448890232126	789.5936936684934
4	94	600	127	306.61876635209757	872.6677819267929
4	95	240	60	165.5562148580051	509.621639953243
4	96	480	97	256.14315854309274	768.288498750364
4	97	360	82	224.16533514881013	703.1224030401793
4	98	360	73	177.16445559165106	474.3660015053757
4	99	600	138	329.66824462996397	927.5117211783988
4	100	120	23	62.02818378517681	191.8774611954409
4	101	240	63	178.24898409187753	552.4957162526564
4	102	360	79	209.96931174664832	647.6010001743028
4	103	480	96	255.64806372799944	759.2585998310327
4	104	240	60	146.69731362935886	400.4895624723293
4	105	360	87	219.1745578831571	638.7417604675211
4	106	360	73	183.46208473704846	548.094123784752
4	107	120	25	53.78159568039721	133.34630873089907
4	108	360	86	226.15582608262443	669.0016405076284
4	109	120	28	64.15080475212643	183.42311957246193
4	110	240	54	145.82379216501664	452.83006946271496
4	111	240	56	147.7357833409326	443.1287330107722
4	112	240	52	144.87414892924477	454.64141441847096
4	113	480	99	251.26509827380096	743.5479692627733
4	114	840	201	539.5539367860988	1631.381279503305
4	115	360	66	173.09055962185846	512.6219692103307
4	116	120	31	94.07663857034943	297.18500519488884
4	117	120	29	75.58546026969125	224.09331265979438
4	118	720	177	494.2631775225828	1561.4705035906711
4	119	600	134	341.3928295971739	991.8228200270441
4	120	360	86	237.9528504920539	738.7470115529096
4	121	480	96	245.71570747242075	712.4096754759133
4	122	360	82	190.55168391796767	542.3712542618163
4	123	120	35	85.89896042316214	241.55883559628774
4	124	240	67	171.4537937770846	494.9775623384093
4	125	600	139	351.809474299341	1021.4274819681219
4	126	360	94	248.17428719810425	729.7081452820821
4	127	120	31	77.68737083431864	227.12577706775073
4	129	240	62	166.85089637092085	494.0978749100502
4	130	240	54	132.87245664047364	356.72827586870176
4	131	480	119	314.60192221297973	946.7581864315564
4	132	240	63	166.62072536548172	486.585529669506
4	134	840	199	513.2874264615049	1486.669185287296
4	135	120	28	86.50730555362921	280.235973590568
4	136	240	63	159.29675122626622	484.8614693700997
4	137	240	56	135.19468198839934	372.1342101170617
4	138	240	53	142.3576475872593	422.79786686544765
4	139	360	84	219.951295114054	651.7754022543878
4	140	480	116	299.4556868722001	875.0420732028592
4	141	120	21	51.78514099730426	163.44567885174104
4	142	240	63	177.78768180467466	556.5956016115676
4	143	120	37	104.41251896001985	315.20039185181395
4	144	240	62	165.04956027063974	496.70804871802454
4	145	360	90	250.02328433202103	776.9986030693044
4	148	120	35	98.22294556314617	304.0889279388828
4	149	120	25	66.23036408521489	197.11611627471808
4	150	240	64	177.22460443116267	523.322162897186
4	151	120	30	72.0199655162717	205.33196831410726
4	152	600	164	425.57421926526615	1257.78317777837
4	154	240	61	163.57913914270503	496.51493349486145
4	155	120	30	84.6330606834121	263.1133965527867
4	158	120	39	107.51039748756281	330.27772508183654
4	159	240	69	172.09571400924222	506.2046404448619
4	160	240	59	171.2525374966798	544.5306308015798
4	162	120	36	90.42100437715003	260.88016926038995
4	164	240	67	189.23408109968824	594.5481838435471
4	166	120	33	88.31128742898333	271.33785871888176
4	167	240	68	168.35200008933373	467.61529399066893
4	168	240	60	156.90656139063572	478.2728012526636
4	169	120	32	82.91397461977559	232.76247472807037
4	170	240	69	187.16638668455448	577.3125491317921
4	171	120	33	100.6372191567163	335.71035336486756
4	172	120	34	95.04868867959348	304.33432267012535
4	174	360	101	286.6227786091695	906.195276638223
4	175	240	71	177.42581975490515	493.9919001439032
4	176	240	69	194.75126665696786	616.5647559877677
4	177	120	32	86.3754086232991	250.11072127243636
4	178	120	33	82.84007122653682	241.22897865521736
4	180	120	32	79.55647427852253	225.22440527201604
4	181	120	36	100.92933260627551	303.72890652223333
4	182	120	28	68.66000863507878	190.24830633474753
4	184	120	35	91.24446936532385	280.82013020834677
4	185	240	67	183.89334621421642	577.2400978014357
4	186	240	63	173.08403609308945	518.8993602212075
4	187	240	68	177.71453140978093	531.2044791518585
4	188	240	66	160.86623203185934	470.7415895260784
4	189	120	27	69.90716378309591	219.06387405188008
4	191	120	36	102.51036810763631	324.7415178645671
4	192	120	33	81.8218505198495	235.38003826664152
4	193	120	33	93.19773120272681	286.45537719793003
4	194	240	59	147.79755718189125	412.3437369177708
4	195	240	69	185.75964890400422	573.1646645315327
4	199	120	26	65.63838172870072	187.8322892052149
4	200	480	130	340.3297953402673	1039.3539349245593
4	202	120	32	95.62699072063302	310.8833551747282
4	204	240	74	196.3364597226231	582.9686531452871
4	206	120	34	92.25103559783058	275.6828395904023
4	209	120	33	95.58930668591671	303.4014054237863
4	212	120	36	96.23688443296572	281.0783008391858
4	213	240	67	194.89053913446457	634.7305614043094
4	214	120	35	100.84759860764413	311.16388619136904
4	216	120	35	99.29496927915874	327.109662849875
4	217	120	33	84.65112843175163	251.6827380022021
4	219	120	33	93.48000269433358	294.93438414620374
4	221	120	37	92.28462452353278	269.9798793029895
4	223	120	35	93.14911576981544	292.15987577161025
4	224	240	65	180.46765591684238	565.6525176857433
4	225	120	31	94.56114962571705	307.7722150412244
4	227	120	31	84.02647299306234	258.0300461693155
4	228	360	114	324.81755259308096	1039.1286737497674
4	230	120	38	104.34793092036406	323.1727970119297
4	233	120	31	87.98329780743788	272.07548552467074
4	234	240	72	199.1077221395017	626.4942457470183
4	238	120	33	89.13234819280407	272.0454693688681
4	240	360	108	302.9357705895476	958.424069369278
4	243	120	34	99.56137116556809	312.496162312748
4	245	120	29	76.89390448597679	235.00587354270286
4	246	120	40	115.32878959355841	372.63048587294986
4	248	240	71	184.30546253098612	559.3107743316415
4	252	120	35	102.92606605799511	331.0815606928281
4	253	120	38	102.10094358391862	296.71794778357287
4	256	120	33	101.77157089368993	336.9609562324987
4	261	240	80	229.69575130074975	737.1450170167543
4	263	120	36	99.87837645511729	327.94904125271853
4	265	120	35	99.8992799813958	320.67517277400935
4	266	120	37	101.5690757262819	306.94156392295895
4	269	120	36	105.69703548704636	340.9071039600702
4	270	120	35	102.2084383238767	324.60549610552897
4	272	120	33	93.32164612464864	293.7015624927418
4	273	120	37	95.8574989308365	282.82228596171126
4	275	120	37	109.76493899798045	353.6408908780239
4	277	360	101	295.584733869847	968.0587326205399
4	278	120	39	116.16524522832297	379.7371923175656
4	280	120	35	100.05183163366048	323.28846937680476
4	282	120	39	113.28483837876311	356.43235482615614
4	283	120	36	94.88567781685296	286.02736262327187
4	284	240	76	203.90834011517336	625.2099163692296
4	286	240	75	205.41010366802686	643.5742496013664
4	287	240	72	190.7923453288402	574.3472165241808
4	292	120	40	123.77898566921273	410.2966510763134
4	294	120	35	112.03571196081498	387.27819542711245
4	297	120	38	116.58307616092256	389.9681361102995
4	298	120	36	107.6218889213232	358.30344839945485
4	300	120	36	90.99704880319774	269.6475530636711
4	302	120	41	113.52885219938187	349.7996123477592
4	310	120	37	104.63184539202456	324.61939889952134
4	315	120	39	105.29250650987605	327.146610740595
4	316	120	38	106.14303682692952	329.3606195831045
4	317	240	74	223.92047453683182	764.9609316485703
4	319	240	82	238.81417919401775	770.1537753114214
4	320	120	37	104.2398146187541	329.5376810971333
4	322	120	37	117.74339887075772	412.48119507137847
4	323	120	33	94.91514075584033	297.62237074555657
4	324	120	37	99.42145126231047	299.9639256891153
4	325	120	38	110.4786151739178	350.55516085374154
4	332	120	33	94.66065541355026	299.4083658497792
4	340	120	33	90.53666997037072	276.45287180660466
4	345	120	41	119.1958202467824	370.8229887970051
4	346	120	38	108.32865860031424	339.0162078396343
4	348	240	76	220.56847581045804	716.050308487342
4	358	120	41	118.3885512398688	379.7800970487401
4	360	120	43	120.88714914263224	373.28744553361264
4	361	120	39	108.1773220778607	340.2053075940132
4	363	120	38	111.37235368560461	371.7016240419489
4	365	120	40	110.50215466851375	348.18833767751255
4	370	120	39	112.34734961760266	359.8266021268097
4	374	120	41	111.61446396684389	348.4032281580037
4	377	240	87	253.94271389240353	814.0717793952081
4	384	120	42	127.61513146074162	429.70014347319017
4	386	120	44	130.24966418351596	434.87651635408514
4	387	120	44	128.1111150972104	406.85878337157266
4	391	120	44	135.10953685769132	458.1314269125935
4	393	120	37	110.73944866225526	366.7975676518941
4	396	120	41	120.6510660395697	394.83436995438313
4	406	120	40	118.79298409834993	394.6217128660655
4	409	120	43	135.57900859081133	462.4091533959642
4	414	120	38	114.45934223098486	381.1585044799054
4	416	120	42	122.68745559438936	404.2870611951788
4	419	120	41	118.27886484281528	382.0120325774834
4	422	120	36	109.63583197904265	367.573628375127
4	429	120	41	108.74047934904948	344.9816908615418
4	431	120	42	123.14897865752987	407.315018108538
4	432	120	44	125.01053463721584	392.76148875331785
4	433	120	41	129.4243972109736	435.9704201136153
4	440	120	42	120.17345406139378	372.91883129754535
4	443	120	42	121.80053674685172	401.1555522342448
4	447	120	37	114.48586449598392	396.8884587982529
4	451	120	44	131.78967473783706	427.3499790485607
4	453	120	42	128.86416080845805	441.7052635002658
4	461	360	126	374.80713290272973	1220.8232487969346
4	463	120	42	124.70225236866227	425.27572864011324
4	465	120	45	140.9304838457521	481.93588492574133
4	468	120	42	128.58581740520412	441.41742059280114
4	474	120	38	109.12802358838682	351.74447939670097
4	481	120	43	134.8888850848575	448.9552907584973
4	486	240	85	269.10509167588583	933.8170803869112
4	490	120	40	131.4762078364057	479.55683380905174
4	496	120	37	116.25233453110546	395.0616212094251
4	498	120	43	137.94882796267518	488.68639028396944
4	499	120	43	126.2384139638977	412.8146427904923
4	501	120	41	125.0504252354745	431.80570511732117
4	504	120	47	149.71861331299027	532.1072161449272
4	507	120	45	133.7031334160845	442.924872203564
4	516	120	46	139.65631851226254	465.20009842523757
4	529	120	39	121.2925233715442	426.6577185587796
4	546	120	45	137.9037004399829	468.2755057201191
4	551	120	38	114.6763039180639	378.6939109957246
4	556	120	41	126.24216892518771	420.40479752688145
4	561	120	43	121.4791219250452	399.25609572557573
4	563	120	45	138.02261942935868	474.2360270345355
4	570	120	44	135.9466651473897	464.9067672236625
4	579	120	44	139.33462102763798	482.53258821994064
4	584	120	45	141.6630537569156	483.7585675671513
4	585	120	43	135.30736625399757	480.40045242382195
4	591	240	87	271.9108245612179	953.9375965752722
4	619	120	46	139.98388405480884	478.753255109371
4	625	120	42	137.09873257702424	488.73790235931585
4	648	120	47	151.69736742103476	528.9563559340188
4	652	240	91	297.61249841847365	1054.73230379623
4	712	120	47	147.2837819798852	531.4006181479965
4	736	120	43	141.70519215640718	516.6661966539177
4	749	120	45	144.68289509154874	514.838599486448
4	781	120	47	161.05830340031076	609.6685019948123
4	815	120	49	167.33054344637384	629.0795590341786
4	856	120	48	158.5701923581729	591.9772982309585
4	865	120	48	162.66934118967828	601.1542882909614
4	866	120	47	157.8830630331128	581.9143844947
4	872	120	47	153.93447697044263	551.5420877535444
4	932	120	47	160.83338720241113	604.4120515673891
5	0	3795	0	0.0	0.0
5	1	198145	1431	4537.86465064688	17076.586008684146
5	2	88435	1073	3133.7674816086587	11358.750511546797
5	3	53705	940	2587.070522520219	8729.010303999863
5	4	37145	896	2318.4845236036763	7670.893468128373
5	5	28060	828	2165.9731511712193	7104.944961066108
5	6	18630	597	1475.40424979524	4733.082732618625
5	7	16560	737	1801.5116741540173	5676.994423083849
5	8	13225	580	1462.2731200666174	4635.7016781154425
5	9	12995	596	1482.0303757096792	4758.618270814055
5	10	11615	668	1591.7896709321324	5011.698324807363
5	11	9660	504	1282.4388154061755	4095.3719612798886
5	12	7935	456	1037.9340667126935	3180.7775400906744
5	13	5865	346	844.6408885714457	2733.7722114504986
5	14	6095	423	1116.8090200891406	3625.4352200753174
5	15	5635	369	887.6305671349091	2785.0542037536616
5	16	5405	436	1038.8628511367253	3113.9588768124972
5	17	2875	237	584.8258049533788	1778.6918198920034
5	18	4945	448	1076.3418278019708	3314.6063390849054
5	19	3910	291	629.2956420293062	1897.1824998913953
5	20	4600	381	891.1088585496799	2696.242840988576
5	21	4255	348	791.2983236265602	2332.435299762117
5	22	3105	263	659.6568620127049	2049.909431895035
5	23	2300	219	522.1383716753439	1545.2405653270685
5	24	2185	217	509.29253615403655	1498.9920007646688
5	25	3220	308	745.6037823793096	2247.942798370582
5	26	2875	307	708.1070713025912	2047.7065900544198
5	27	2070	203	462.6074735240596	1367.1910762673626
5	28	2875	356	829.2321470457183	2380.424092201579
5	29	1725	179	476.79676685480956	1527.7757876387495
5	30	2300	297	713.6834854498452	2095.8972826061236
5	31	1265	146	362.2045111762925	1110.8524094807378
5	32	1725	184	420.32242476699355	1246.4280743396737
5	33	2070	245	589.6516136110831	1774.7425868594842
5	34	1380	174	458.6356020969226	1397.024207953274
5	35	920	82	179.1480769169429	502.3849573029806
5	36	1610	201	501.6498025920028	1499.09990997677
5	37	1495	203	487.14785743710166	1374.717743236044
5	38	1035	122	306.23785680687354	916.9599983797423
5	39	2070	246	597.5661435913935	1760.146679959806
5	40	1380	148	344.4843553344318	1006.803949104328
5	41	920	129	313.1319571928069	899.7486044066663
5	42	1035	123	295.3260017022086	893.947619986749
5	43	1035	142	351.7319538903243	1051.502867056266
5	44	1265	187	469.6131298791939	1431.3706646078645
5	45	920	124	310.7698531416467	971.6508557008954
5	46	1265	181	457.6221325817225	1399.6848770071897
5	47	1035	161	425.6148838828051	1304.0100969364626
5	48	690	92	228.27181053472333	693.1426323376595
5	49	690	111	278.9931677040474	813.1182054554736
5	50	345	47	109.72795077366662	289.3021849239523
5	51	1150	169	419.86836541064577	1226.0050251092175
5	52	1495	216	552.9423400214226	1634.0855801851433
5	53	1150	194	492.0834154753755	1467.4901492686568
5	54	1150	163	410.7693333048278	1266.182174030912
5	55	1150	178	463.091643200567	1402.6044400733388
5	56	690	97	255.35169648311984	793.2632588000923
5	57	805	124	316.7868329973671	957.3024733102707
5	58	805	133	346.89428118536745	1016.0566222100977
5	59	345	73	185.71561341296854	524.2575286902857
5	60	805	132	350.4151656141358	1076.5373745450615
5	61	115	20	54.219520150041845	178.47731487040045
5	62	345	63	153.88111813970053	431.245044884437
5	63	345	58	140.67110155306085	395.623403966276
5	64	1380	203	524.0188868541493	1580.4477562425684
5	65	805	153	402.2138710256231	1221.4721612177577
5	66	690	112	315.3283177165892	1022.7958259320812
5	67	460	71	170.1842760098218	469.3908428015343
5	68	920	166	441.1658452874467	1348.8308595586402
5	69	690	111	304.961022305135	953.5896875370963
5	70	460	91	245.74373892280323	762.7242637337304
5	71	345	54	126.088489339495	360.7917779493301
5	72	805	122	311.5178009162637	931.434267296085
5	73	575	96	260.35045449280653	817.7937938283393
5	74	345	59	163.0579828009009	505.32189072550483
5	75	575	85	214.32327535580734	607.6515698348563
5	76	460	84	215.92217885207072	636.4142993965565
5	77	575	103	281.67534291313785	900.7897675950064
5	78	805	108	275.38614535812235	878.7602449582478
5	79	575	116	302.03181756238513	890.2818073925833
5	81	345	62	174.5087738905844	566.3996948908734
5	82	690	124	332.313680073527	1024.6379914071003
5	83	690	135	374.0694299466535	1168.0746043390322
5	84	460	73	189.63157827715077	564.5373882900194
5	85	575	123	321.98950244665673	969.9092677255344
5	86	460	74	208.23585766622693	685.1296344575921
5	87	805	136	376.1576292599769	1186.409980243243
5	88	460	79	242.31704410526658	823.8011261430657
5	89	575	110	301.8130197319698	945.6721073817478
5	90	345	56	145.61976283457665	453.57700025559313
5	92	575	108	280.8253469269978	855.3913753296356
5	93	460	91	250.29269276301986	772.8962549856113
5	94	575	102	273.418794319432	836.7106294163198
5	95	230	46	131.83029300969628	428.25191755048195
5	96	460	84	223.65728154920538	704.7428169556555
5	97	345	58	168.03097106652478	562.3344552739325
5	98	345	68	176.33857986363023	500.64052992135134
5	99	575	114	317.6380392709863	983.6056439464999
5	100	115	23	64.32633790931143	212.28496333671146
5	101	230	52	137.19913807491093	393.7181888919805
5	102	345	66	193.0810576180902	625.5395964074935
5	103	460	88	241.7782432541958	757.1089200301258
5	104	230	62	157.4174387946457	451.7277460055069
5	105	345	63	181.5459945121928	579.3663890036448
5	106	345	62	151.48764848912958	433.87318065640886
5	107	115	29	63.08601785450149	158.76752259061627
5	108	345	65	175.20613415400942	535.5701334579342
5	109	115	24	65.47437712197744	207.120382532747
5	110	230	51	140.2342240242188	442.6239335678681
5	111	230	53	149.1957739344592	457.2894409200047
5	112	230	55	146.59111275739684	448.2199046458374
5	113	460	93	212.9767231331106	561.912990910072
5	114	805	169	485.8563860577406	1558.226489632365
5	115	345	64	175.90665017606852	540.0075167589057
5	116	115	31	90.50050393548489	282.2384328315367
5	117	115	19	52.84806653677576	172.19124836261437
5	118	690	167	463.0664790322129	1439.0533706206224
5	119	575	107	290.4244817984262	902.9927538250715
5	120	345	68	203.07485866416854	670.0886342064074
5	121	460	78	223.95513438436453	721.8697967179919
5	122	345	68	180.4421676943149	564.3188043327382
5	123	115	32	81.43142257126244	233.39606382570503
5	124	230	51	135.01794874728603	420.93034123003196
5	125	575	118	332.57577162640007	1068.3325438430102
5	126	345	79	224.164406487966	707.9450255890711
5	127	115	28	76.70539467751632	237.05996031574716
5	129	230	58	155.69325127574345	454.33742316744247
5	130	230	48	138.87714483569775	446.72813201455926
5	131	460	102	285.35803954517087	895.9968129012392
5	132	230	53	150.449724912039	493.0222423718209
5	134	805	182	503.11900083197935	1577.5115491923636
5	135	115	28	91.39305259256025	322.93984822507946
5	136	230	47	124.25298659534005	370.25165345870437
5	137	230	48	129.75309376607973	398.12626833933797
5	138	230	47	131.15682891458343	409.2763412546424
5	139	345	73	208.34456730057008	658.3383495008242
5	140	460	90	253.40540668124675	783.1977955032157
5	141	115	15	39.556116748377455	131.90965785000614
5	142	230	58	158.46809913692584	496.03230510967603
5	143	115	37	100.42791676170086	308.9365889007091
5	144	230	57	155.15872899646757	482.2724782857778
5	145	345	77	224.04480487812816	717.7629587162903
5	148	115	38	100.34273516781221	312.9363961460439
5	149	115	19	57.68921087151806	191.49894285003023
5	150	230	57	158.20551012033252	486.88181317873295
5	151	115	27	71.27345394025622	214.51481821124625
5	152	575	143	383.2289731092642	1168.2431740514298
5	154	230	49	152.97883457261827	525.2968743464347
5	155	115	25	64.05678068750905	186.0115380273299
5	158	115	36	104.39089648047278	331.5489555601955
5	159	230	53	145.2185808413369	449.25225287618673
5	160	230	61	172.57607281444956	541.8446604084534
5	162	115	34	93.68566510762419	276.52837767289043
5	164	230	55	154.3755816173038	498.1075459768564
5	166	115	29	86.95737325053251	291.62375014694595
5	167	230	68	163.18260854962153	463.41894949530905
5	168	230	46	136.31350896775723	462.4585693742379
5	169	115	32	75.42459856077247	203.3101185182917
5	170	230	53	157.34046037445185	533.075523172751
5	171	115	27	73.42058541027413	215.38523518427627
5	172	115	29	83.66388970694128	270.63433979607595
5	174	345	94	270.195320873046	872.1334090836116
5	175	230	75	184.79979770842976	530.4287753777722
5	176	230	59	173.5790421311837	552.4503275707766
5	177	115	35	90.94614669539865	268.97251206996964
5	178	115	30	82.86909895013045	258.4805874091226
5	180	115	27	80.19661464342946	260.7605008872197
5	181	115	31	89.63469739773771	279.5313665546287
5	182	115	24	68.42231671239807	237.24280758897964
5	184	115	32	89.05581315951886	282.3506030659331
5	185	230	69	187.39604837676137	593.0542187327894
5	186	230	54	151.08311031298908	479.2673944619835
5	187	230	64	165.36325711961769	503.02960662593716
5	188	230	58	138.66460436375513	396.28739658583277
5	189	115	25	76.05280941936404	258.7071273122724
5	191	115	32	86.23553332409567	266.97014937637164
5	192	115	24	68.93117541812188	216.2985644274963
5	193	115	23	66.17502213874363	206.4688474859004
5	194	230	49	139.24446981451842	442.7905547733376
5	195	230	62	169.95291562176897	522.488815580482
5	199	115	28	72.42451230731305	215.79330659419472
5	200	460	100	287.6282350487169	923.1244560134089
5	202	115	26	75.60654739595864	239.3909734030309
5	204	230	73	197.3786621879762	601.7274783915843
5	206	115	29	81.11671201963891	262.8516032622362
5	209	115	25	79.72511612947343	283.29699768476786
5	212	115	32	84.19484480411963	238.59334862566118
5	213	230	60	177.53651100839647	571.1915716756024
5	214	115	29	83.08907391846367	261.5920184807462
5	216	115	32	89.54087447416318	291.08462219268205
5	217	115	37	98.19343472449563	296.8815882822042
5	219	115	28	80.87415525635976	259.6188420652341
5	221	115	33	88.69204673118612	276.3022125222702
5	223	115	32	83.05471850230258	256.92539239082197
5	224	230	62	171.7602921320497	551.374231154089
5	225	115	29	91.97234926543194	325.6998610632602
5	227	115	36	97.13036200090554	290.80307731447544
5	228	345	102	296.0658390851155	954.8898630564869
5	230	115	40	104.59073727424973	322.76839892269095
5	233	115	28	91.28495889187913	320.6143998125352
5	234	230	71	204.83959521782162	652.4620584697958
5	238	115	26	71.19489222017776	223.19020323503895
5	240	345	109	297.9672400043011	942.8361581850365
5	243	115	25	80.19804450885219	270.50122237087385
5	245	115	27	85.82198908766472	293.55658018381143
5	246	115	34	96.75053723283432	312.76102604989813
5	248	230	67	188.53781811528626	599.4990481805191
5	252	115	27	86.75912415144894	298.66642851611067
5	253	115	38	99.99326342329289	299.95631782250877
5	256	115	26	83.8899974430882	286.23871998705135
5	261	230	82	208.98537554060835	631.7038805792565
5	263	115	30	86.34433764572842	277.5642162933115
5	265	115	29	88.7410363053456	312.2592577583998
5	266	115	37	106.3820905652622	336.5949925979129
5	269	115	30	92.15037677425958	306.8167177749593
5	270	115	29	87.70917394550222	291.21249330300225
5	272	115	27	86.19404331573095	303.830207648096
5	273	115	41	100.5226247102248	303.27366534904735
5	275	115	38	109.72547376114903	363.43074077255733
5	277	345	94	275.84566701856977	909.9620252784915
5	278	115	37	107.91041391515462	347.3169565697124
5	280	115	34	96.29446621471307	310.3074151492732
5	282	115	35	106.69019266049412	353.40687816119805
5	283	115	38	102.2838493249025	314.4641086825212
5	284	230	83	208.7956465400427	605.1697472443662
5	286	230	70	200.51889541211193	659.1153057921013
5	287	230	69	190.12964643021002	619.907657611205
5	292	115	40	115.49530992455067	373.1148337778738
5	294	115	32	100.07077875900933	348.8554500374363
5	297	115	34	99.95474457009422	330.3711099736373
5	298	115	33	96.35850486995128	321.0305946924743
5	300	115	36	97.08586931159655	298.9570066938993
5	302	115	41	111.03400702876023	351.73058294718055
5	310	115	34	96.59749954212926	309.9771431750006
5	315	115	36	87.45474125957438	257.4734959630948
5	316	115	33	97.48800425568868	326.7254034880055
5	317	230	64	189.10902047965732	627.7420829185212
5	319	230	85	237.15233793548776	775.3606557924808
5	320	115	42	112.13420922319628	350.6838009033577
5	322	115	30	95.71191227007174	334.96369280125145
5	323	115	30	87.57885801404599	295.7578583652089
5	324	115	35	103.36657961858971	341.09861232374044
5	325	115	35	106.19605651187987	353.6424444508574
5	332	115	34	94.54501379989298	308.6386404993457
5	340	115	35	91.35348745530159	281.3647608274745
5	345	115	45	126.97153725706983	415.1588584161534
5	346	115	41	109.35314631172504	335.82728369575534
5	348	230	66	200.98862924236158	664.2563426474779
5	358	115	42	114.27387318387485	356.68712427266064
5	360	115	46	115.83998183182226	362.7388302993228
5	361	115	45	112.45687546684661	358.31477740904876
5	363	115	36	112.56148151282649	386.28105526947064
5	365	115	47	113.15616491248292	338.3195300477028
5	370	115	36	101.62694473249006	324.04440736785637
5	374	115	47	117.19389705948522	367.5454402245179
5	377	230	94	261.538186753153	844.2983585692166
5	384	115	39	126.18112470658713	440.53791934636195
5	386	115	47	129.15721428245274	413.2778865857714
5	387	115	47	133.07835772286086	434.84112767577636
5	391	115	43	122.9417518165639	402.49880544725386
5	393	115	34	101.08440353492895	335.7022804142425
5	396	115	42	116.35713652551559	362.1069439731049
5	406	115	41	112.5920216847154	365.2874524719658
5	409	115	40	116.34560653202591	389.0636393144664
5	414	115	39	119.68338372881158	429.1203523574309
5	416	115	40	112.21441132870099	386.11482510748556
5	419	115	39	105.20916183644049	337.68446624094395
5	422	115	36	104.45070250592067	347.5745761007836
5	429	115	46	115.43948354743432	360.37199193304673
5	431	115	44	126.91462355707273	418.42564686591857
5	432	115	47	134.91429925896475	453.8130196512249
5	433	115	39	118.77510530407096	411.65652862290665
5	440	115	47	121.43275409066484	372.5096266470142
5	443	115	48	129.49884516046666	412.8935843327611
5	447	115	38	114.81893115357528	409.324935705768
5	451	115	40	122.73792165146062	420.29841427751785
5	453	115	41	110.80576425226464	364.2951183203246
5	461	345	136	377.367191563725	1221.091350365232
5	463	115	41	115.47404792424231	404.08674282052687
5	465	115	44	136.7507600220586	478.6501362040337
5	468	115	44	118.76551134626453	401.74448113714163
5	474	115	36	103.94445820708131	351.28830863105503
5	481	115	40	122.80967627326004	410.5647940564485
5	486	230	82	243.48758519344298	819.7567113812547
5	490	115	43	123.25447014043706	414.2605844232086
5	496	115	34	108.98022553385161	382.36571599736715
5	498	115	46	129.5629637336597	436.3944330673876
5	499	115	42	116.69065076416561	372.2848676789623
5	501	115	47	124.1021894306972	419.42519376010193
5	504	115	49	137.68273679730248	473.7876948592155
5	507	115	43	125.76868004521188	441.2468279028452
5	516	115	41	124.84702739556954	416.9428463957597
5	529	115	41	118.10803103671765	411.3941576087783
5	546	115	47	131.83350692596454	463.41329374995416
5	551	115	39	112.96215128571237	383.7255249204775
5	556	115	40	120.83165166927853	412.40859310325675
5	561	115	46	108.2360366039955	332.3257301502824
5	563	115	49	137.1579669582106	455.34050628346034
5	570	115	45	124.01249219802241	422.5987365885751
5	579	115	49	136.671910918852	445.8401369843242
5	584	115	48	141.87803001062372	492.0750880787545
5	585	115	48	130.4373922476129	425.99583645099375
5	591	230	96	268.62639013559397	913.7847350362597
5	619	115	48	130.79305445936802	454.79227305339657
5	625	115	42	126.94867169102224	460.9096205140081
5	648	115	49	140.32176278699194	474.17192044328857
5	652	230	95	272.73997352918514	932.2530276979721
5	712	115	48	131.57380378870687	455.25487359641795
5	736	115	41	121.55297373902145	425.5959099495645
5	749	115	48	137.30774544399554	480.7856555976948
5	781	115	49	138.76502428702747	476.7232864511784
5	815	115	49	144.25306869735357	509.48672358208773
5	856	115	48	134.5592174444065	488.16984275596735
5	865	115	47	137.47922314781647	481.886517611513
5	866	115	49	146.70228411734905	526.8442129123188
5	872	115	49	146.260258920399	524.3498594416391
5	932	115	49	141.7383560325473	499.3834017749949
6	0	2871	0	0.0	0.0
6	1	149901	1425	4858.847689423373	18560.784142126613
6	2	66903	1075	3357.804109256744	12019.988482398177
6	3	40629	970	2888.4142591355944	9901.101917696466
6	4	28101	905	2517.5133766519434	8222.743071811292
6	5	21228	882	2454.837678120028	7983.076808289561
6	6	14094	603	1565.254423868355	4838.8922015113585
6	7	12528	780	1997.4532802577764	6150.112872709191
6	8	10005	603	1581.0562860931086	4890.564497067662
6	9	9831	638	1629.9326593214878	4970.472690070011
6	10	8787	707	1734.6446584868227	5190.8978104719545
6	11	7308	545	1378.618105751388	4098.854846584558
6	12	6003	476	1151.7627152467599	3416.268413333367
6	13	4437	375	903.0846824117042	2616.864519036704
6	14	4611	435	1121.6413873951576	3431.752090370668
6	15	4263	408	1009.0673096782485	3003.015684907149
6	16	4089	470	1109.9856418802683	3111.9347126183893
6	17	2175	273	685.2186256406853	2033.0889749438961
6	18	3741	502	1161.0701796876679	3191.5658095620715
6	19	2958	301	666.021983458671	1855.447710938803
6	20	3480	421	983.282588301553	2803.330342132139
6	21	3219	416	984.4256064486044	2838.050266420454
6	22	2349	301	734.3869321879691	2128.4990417625045
6	23	1740	226	520.8513598022098	1430.3974670056946
6	24	1653	271	625.6115573659014	1744.7279035905285
6	25	2436	392	902.3700878020923	2495.8572574656205
6	26	2175	354	792.925459033773	2103.8291134533856
6	27	1566	237	539.1351646785695	1494.64447959225
6	28	2175	418	917.1646661342053	2393.8506102522906
6	29	1305	215	539.1345227019942	1587.1821375496643
6	30	1740	335	797.5017842941963	2260.052962050422
6	31	957	151	345.5478607545515	928.8187840926969
6	32	1305	223	502.4368431138367	1389.9538824792176
6	33	1566	285	652.7956431646896	1880.750568440229
6	34	1044	194	457.8481530299873	1247.3007414610822
6	35	696	97	208.5816226444647	555.4531033147841
6	36	1218	228	558.6987786620301	1615.4244285160826
6	37	1131	247	612.1263726793959	1759.3054264104342
6	38	783	144	319.41259195997986	830.4776503560156
6	39	1566	318	731.6952184399324	2018.6299146925044
6	40	1044	193	462.1649729174667	1296.9867789322964
6	41	696	157	358.3979202613493	956.761634947193
6	42	783	147	330.73874308967476	890.0298062271274
6	43	783	175	408.619931561401	1125.6504408699857
6	44	957	212	488.0694175808049	1331.7756931048777
6	45	696	150	345.8224821378451	948.2247661445978
6	46	957	185	440.69423685368145	1280.7825211641261
6	47	783	193	476.5313137152649	1347.4591654258102
6	48	522	118	277.67058890540056	752.4264008700976
6	49	522	129	302.5108755115948	838.2983867730038
6	50	261	65	152.83443719296395	419.40534653849863
6	51	870	227	502.8273025733245	1308.0877380855
6	52	1131	283	671.8963094149524	1854.2528507965822
6	53	870	233	563.2945444538842	1577.6809888538692
6	54	870	219	511.1770921417762	1422.0300552087201
6	55	870	205	491.9056256928629	1347.4832501376077
6	56	522	120	277.63788057368737	770.0522159976633
6	57	609	148	328.40884106453467	856.6195376667815
6	58	609	156	370.0788919503393	1002.3497052763926
6	59	261	89	234.5144314400434	677.1566547760267
6	60	609	168	418.16056751709755	1191.045565158644
6	61	87	24	49.51207442990923	126.38028842828207
6	62	261	72	166.39812089278408	465.0510863105488
6	63	261	59	147.4687286568563	429.2814665943529
6	64	1044	279	670.7387382577315	1818.8188912188145
6	65	609	183	430.3479282691443	1176.436853148904
6	66	522	135	333.2412810373364	953.1224970620517
6	67	348	82	200.34430214748613	564.2571406215727
6	68	696	211	504.4217092269628	1383.1237138549632
6	69	522	135	332.2502661971705	916.481743028161
6	70	348	104	246.5263835666185	691.0474475164217
6	71	261	72	156.54455708660777	406.32735096384073
6	72	609	151	348.0498804354147	944.5820246457985
6	73	435	117	298.53045290345165	868.9857902716731
6	74	261	81	211.1988048068385	644.9005342934599
6	75	435	117	279.8420256326843	774.4203945875261
6	76	348	98	234.79177967256095	639.1430523680211
6	77	435	112	271.58641498059643	762.5063056303591
6	78	609	162	383.6923522211807	1081.2160291273826
6	79	435	127	302.9616584879596	809.4477047573557
6	81	261	70	181.3815066612445	528.3784886366752
6	82	522	146	367.81226781688144	1047.1030792499675
6	83	522	162	404.17514123908296	1143.5935083651082
6	84	348	89	214.0916217024251	587.6194619263056
6	85	435	134	332.30575178540346	956.6881678316104
6	86	348	84	199.31462487681196	557.0836933968657
6	87	609	185	459.1686027732425	1293.6117881639182
6	88	348	91	248.3873404882396	762.934429042604
6	89	435	133	345.2195955134026	1002.1898079105578
6	90	261	77	174.08682396822732	470.0285593973469
6	92	435	137	330.49377241716326	923.5822280324231
6	93	348	114	290.4662007150373	805.8535002464293
6	94	435	134	330.0058721023904	936.2468227333628
6	95	174	62	163.62418854057404	479.1258195273884
6	96	348	103	244.32620237319094	647.4144811003736
6	97	261	81	213.4225823065662	632.568724140996
6	98	261	75	176.04887737858232	468.2015177198847
6	99	435	149	368.1243031113514	1046.2244306104624
6	100	87	27	70.68203791862753	211.00685856302036
6	101	174	57	141.96748818589583	386.5036957190637
6	102	261	85	236.7704631926577	743.8680711526648
6	103	348	91	235.57897837068313	710.0625433508967
6	104	174	64	154.42567051822448	419.24021390670833
6	105	261	83	211.34016383444418	614.5798689795147
6	106	261	76	183.22883382827766	530.926117846773
6	107	87	31	67.43191018224735	175.39958552577187
6	108	261	90	234.74734284998073	692.2960580024654
6	109	87	27	58.10745127980456	154.28505200952603
6	110	174	62	166.63269342356642	507.0918013565293
6	111	174	50	125.2578442408591	345.30183092818754
6	112	174	64	164.51281106145157	466.71775060587174
6	113	348	109	257.37766789678375	710.9246659392984
6	114	609	203	524.9938402482277	1508.3345616298009
6	115	261	77	184.41369512109648	488.44700302386235
6	116	87	31	85.5668366115533	250.7504534734802
6	117	87	28	66.27384848725046	185.29664881673293
6	118	522	178	449.0573815861986	1288.82899736003
6	119	435	137	331.56455079149896	916.9235847314455
6	120	261	85	227.50456005258508	692.7856132628697
6	121	348	110	280.6738164497377	802.5921476789256
6	122	261	85	198.20217105323928	548.8747386685246
6	123	87	37	91.29962013977028	254.21209563846082
6	124	174	69	166.18580528864044	468.83728898872874
6	125	435	138	349.8894713921792	998.4522932676747
6	126	261	90	232.77560656419132	675.7268867956925
6	127	87	36	92.72007106718107	266.96883296276314
6	129	174	68	166.8214850520207	454.596463384187
6	130	174	61	165.76963033075828	485.59346540094384
6	131	348	121	315.89888880651785	920.9133653635447
6	132	174	64	176.27310292569382	548.6243797567245
6	134	609	208	515.3883159889971	1458.7546285665758
6	135	87	32	89.9714317413547	263.49583318675434
6	136	174	66	162.3551292264553	446.1268109693465
6	137	174	58	145.36017146454407	429.48102780301093
6	138	174	54	141.74350242423768	403.6188654109112
6	139	261	91	228.97888001311193	637.103071757313
6	140	348	121	308.8105021645889	884.1933090963
6	141	87	29	67.14930855918891	193.8940727759977
6	142	174	64	166.22316904816125	478.6697701093079
6	143	87	35	91.98885139787906	258.6968200774752
6	144	174	70	168.3093181006028	454.4720077431339
6	145	261	106	284.1157090304581	841.5916128033853
6	148	87	37	98.07194948149008	290.9978646015679
6	149	87	25	63.53467138165603	177.2551495897964
6	150	174	70	184.07976356544805	540.6355232165176
6	151	87	30	74.01821294294953	213.70553088924757
6	152	435	169	428.1283739643356	1234.168509803364
6	154	174	62	168.12286085525636	505.02144395953167
6	155	87	31	79.12642277238842	227.11190236047486
6	158	87	42	110.86584465940966	324.2066880079349
6	159	174	73	174.10087142997153	476.78871341591184
6	160	174	72	192.69514349265984	565.058785206671
6	162	87	36	90.72411172809073	252.46778971883163
6	164	174	61	164.33670848284277	491.0088646526059
6	166	87	34	92.84209484532423	289.51164694644507
6	167	174	78	190.2258944089047	521.6997870945045
6	168	174	61	160.08339622154062	480.7857739185479
6	169	87	34	77.32746322789119	196.1809912719645
6	170	174	66	163.26833172894507	462.761334927504
6	171	87	30	81.6278108307849	232.51639840731076
6	172	87	37	104.2720137035672	319.19470204117204
6	174	261	107	298.52960243107077	911.5931204598974
6	175	174	77	186.06866459413735	511.9573494385271
6	176	174	73	202.54296816133404	623.5988242697238
6	177	87	36	91.49020373204291	260.55286407529815
6	178	87	40	104.67295038402301	309.44767299026546
6	180	87	34	88.87316947668039	253.5536824681716
6	181	87	40	102.1684338243969	279.26901971214437
6	182	87	33	85.17324189172523	248.7734519869499
6	184	87	38	103.3365707511182	308.31659339119443
6	185	174	72	191.6658808386459	582.8829973997812
6	186	174	68	164.1576606433447	435.96584169131427
6	187	174	66	152.38488052392862	398.7226787329405
6	188	174	60	142.8549838910194	386.21009448884627
6	189	87	30	80.95764389914363	248.33501504234619
6	191	87	34	91.52842812038081	281.2056469634822
6	192	87	35	89.02876402200498	257.70252321835704
6	193	87	30	74.3995256137391	203.05684126208948
6	194	174	67	168.7123987560245	477.205645381886
6	195	174	69	182.36776155539593	558.2259428077718
6	199	87	34	77.37210676274769	197.15585848469095
6	200	348	142	368.5563062104272	1074.2466349649742
6	202	87	36	99.36455497870816	306.4544648276742
6	204	174	80	206.8746040822066	598.4264953230214
6	206	87	36	93.11437326113864	264.4347975758263
6	209	87	37	91.81097667790961	253.04329780153583
6	212	87	41	101.89387117093652	269.67755182725165
6	213	174	77	216.43438999089392	662.1851536155993
6	214	87	37	96.00306565144717	270.3526343218748
6	216	87	40	103.121144482813	289.9966465212317
6	217	87	39	103.77646981839678	300.99499624813075
6	219	87	38	99.43461137142536	296.27377713854935
6	221	87	38	99.00645982161775	295.2038114832684
6	223	87	38	96.79992848813941	277.85138808669325
6	224	174	77	205.71620082321107	613.2287760512911
6	225	87	37	101.44249004905684	310.969046019506
6	227	87	40	97.99904232054031	268.7039476931961
6	228	261	120	324.7375214385297	976.5408737276064
6	230	87	40	104.03385462636518	310.0431079756498
6	233	87	35	101.30428870789184	313.8154976613455
6	234	174	83	227.0065180689959	686.9300852544698
6	238	87	32	82.3349313342694	230.35518426928206
6	240	261	125	317.74267460899614	906.4094716050829
6	243	87	38	105.23178664464595	318.1050169327003
6	245	87	36	98.5219640612824	306.70337454504136
6	246	87	37	108.98056962631455	357.49070301609686
6	248	174	79	211.05566940725583	630.0984632511414
6	252	87	32	92.45664001464365	293.87557030937734
6	253	87	38	98.85097890112925	281.23736306860155
6	256	87	38	109.31230591034083	341.3451364635973
6	261	174	86	225.28308303657872	669.3261204292724
6	263	87	38	95.54427664044054	272.21254764909867
6	265	87	40	107.09120396933994	323.2475279211521
6	266	87	43	107.15869331064354	288.3797098416709
6	269	87	40	110.51837578547828	333.0363976190046
6	270	87	37	102.1905924342991	315.50778852370263
6	272	87	38	100.30241744977523	291.50655007170263
6	273	87	43	101.21503797992999	280.52093886533504
6	275	87	37	101.81321776858711	297.98525651135503
6	277	261	113	313.62442662483886	962.6646432923907
6	278	87	44	118.39914406053353	348.6464511106198
6	280	87	35	91.62486759862205	265.6041597607732
6	282	87	37	101.00491682754078	296.4061631354276
6	283	87	40	101.27802993087519	286.84554034433353
6	284	174	86	215.760071627888	616.5056340382894
6	286	174	82	214.5469792002179	628.6118766558623
6	287	174	78	204.3681255378062	595.8668811537941
6	292	87	40	116.47656113338485	371.1512189363151
6	294	87	40	114.81483371873782	356.1800524680843
6	297	87	37	107.75814250902475	336.0136243857438
6	298	87	39	108.60452711332263	343.63822327802245
6	300	87	40	104.2774922601348	314.2125371653881
6	302	87	45	117.57214290461745	345.41777093378244
6	310	87	42	119.83998276092962	375.20321383033456
6	315	87	41	95.73782501244375	259.73322075380446
6	316	87	40	104.51266845453901	299.0650342199438
6	317	174	80	226.55149691610836	698.9303615334368
6	319	174	95	261.2694676651322	799.0039214699965
6	320	87	47	127.20619551041267	388.9549568506124
6	322	87	41	119.48079372202571	370.8126102624313
6	323	87	36	98.67370497635483	298.3319599282663
6	324	87	43	113.2448453993899	331.7281467531764
6	325	87	46	125.87849211267893	375.06601963702525
6	332	87	39	102.43941204176691	295.46132984961895
6	340	87	44	119.05056242954117	363.43276685203705
6	345	87	42	114.26336931820292	341.2213441297259
6	346	87	40	105.40188694076078	312.10216245198933
6	348	174	89	248.65004185011617	765.3598245360896
6	358	87	48	126.22615654014287	367.6941281938069
6	360	87	44	116.06236116718263	347.3842909810077
6	361	87	43	110.64528814075965	342.8407383402668
6	363	87	42	113.54629868123018	351.7028006363755
6	365	87	45	110.81658798166188	323.8116697725124
6	370	87	42	114.89241282065447	345.9510243287558
6	374	87	45	111.38742654289877	321.4341881290454
6	377	174	98	267.40370816535665	795.4913568465615
6	384	87	48	144.7175320190125	476.70946554619377
6	386	87	53	145.5623510899993	442.7924535299495
6	387	87	50	138.44202375384592	418.85455073335777
6	391	87	48	139.7961928140845	457.82164579653096
6	393	87	43	122.08898040627003	377.8220210688505
6	396	87	46	128.42121758817066	407.83611509528157
6	406	87	49	131.84737967805245	416.17139453348886
6	409	87	41	120.90332363834094	394.3550958967145
6	414	87	44	118.72793803612973	365.7650954623842
6	416	87	46	119.07132979449409	363.8861070231311
6	419	87	46	129.87935869991443	412.40728460521655
6	422	87	42	107.24309660261781	302.8121503449369
6	429	87	45	115.03860268409801	347.1148033474332
6	431	87	49	137.46133201397427	421.34323147382236
6	432	87	49	135.76863760358108	413.1486621404932
6	433	87	43	129.15513005559674	413.7852061253645
6	440	87	46	123.46972454836077	373.48655467160484
6	443	87	48	133.3227256595252	433.5048822251619
6	447	87	43	128.15525657416916	427.0579862664516
6	451	87	46	131.42492401607964	409.0029280197292
6	453	87	49	138.88276044343525	437.4765128313726
6	461	261	146	406.50540921127777	1271.918323859653
6	463	87	47	129.83476316125052	421.9527143317743
6	465	87	51	147.24436389559804	470.4093192695449
6	468	87	49	131.56628045839264	405.3657033117718
6	474	87	42	122.6958745358966	399.1414687760571
6	481	87	45	129.94442808122383	411.0548262010526
6	486	174	95	277.8178341198561	891.6032729819158
6	490	87	49	143.618013725984	469.6483811077839
6	496	87	42	125.64608872545381	401.6031383957677
6	498	87	48	137.16867996680335	435.571426410308
6	499	87	46	130.7121537828992	413.70313295901667
6	501	87	47	125.69284513149097	390.0908245581203
6	504	87	52	145.56261209877226	460.581160272477
6	507	87	49	133.52372345742398	416.43481030655795
6	516	87	49	138.6917811653782	425.6242385069113
6	529	87	47	138.37391805215796	459.8283187840618
6	546	87	49	137.57190313410499	446.6577950705887
6	551	87	42	127.89192220533491	423.0825876469692
6	556	87	49	140.21953370669905	446.98144964186145
6	561	87	48	127.84144435748573	393.848727050185
6	563	87	52	144.74454333927522	440.23804936447164
6	570	87	48	134.50784288685483	426.4458637357342
6	579	87	53	148.76150064578127	464.38292099818835
6	584	87	51	148.69678080696897	479.4634569206868
6	585	87	49	140.56140879161413	464.8801743920026
6	591	174	105	296.7154544861285	962.3809684604258
6	619	87	54	157.29281882470227	545.5341993441742
6	625	87	50	151.26774037922468	508.9664866520945
6	648	87	53	155.7721356746965	509.58296210167794
6	652	174	103	304.12126433662604	1007.837245670437
6	712	87	52	144.3550465797755	470.4468908982795
6	736	87	47	139.7701053837469	468.41146972801096
6	749	87	52	151.72668689978963	501.1724986481537
6	781	87	54	163.64196871301215	562.7101695563501
6	815	87	54	162.82613813092675	559.2821792722445
6	856	87	51	151.92251486520198	534.8179313126144
6	865	87	52	159.20000005867732	549.393551077097
6	866	87	54	164.8473727165523	571.2733349841146
6	872	87	54	159.3126557097644	528.9843557834616
6	932	87	54	165.06109546146604	572.1378172645828
7	0	2046	0	0.0	0.0
7	1	106826	1159	3931.4145786864474	15188.213015996385
7	2	47678	874	2676.133069551416	9595.47913283042
7	3	28954	766	2222.3057455896496	7597.42086905374
7	4	20026	698	1860.0751472798527	5947.57389955506
7	5	15128	720	1961.1093705102003	6311.520468701384
7	6	10044	511	1336.027964444665	4287.440751415643
7	7	8928	641	1634.38131145642	5011.1576080564555
7	8	7130	487	1268.0343333469207	3990.3649271348604
7	9	7006	493	1258.0253519920202	3932.269885844822
7	10	6262	554	1367.1076223354507	4194.897600855878
7	11	5208	436	1128.5614130547847	3508.2572938243484
7	12	4278	388	936.2110671297445	2814.9686929689797
7	13	3162	315	782.4886269986958	2362.5431633256144
7	14	3286	360	933.1506436705564	2885.0446479830334
7	15	3038	306	751.0489571307288	2287.113034824335
7	16	2914	369	891.4489977899834	2602.108763021815
7	17	1550	194	502.0550787380821	1520.261519197339
7	18	2666	387	902.4294834583725	2521.006251047671
7	19	2108	249	564.6072553839003	1670.5792897488152
7	20	2480	346	805.0333884136325	2337.3664261402946
7	21	2294	314	759.6351801735431	2282.4603190387697
7	22	1674	227	563.3159164751927	1676.9517497897468
7	23	1240	203	488.5540908941831	1387.4317722348155
7	24	1178	186	442.9553350043491	1299.4697279610523
7	25	1736	269	636.8042252243742	1841.2359583295201
7	26	1550	261	606.4664976455	1697.5914251749462
7	27	1116	187	448.50633141306923	1346.9989940146556
7	28	1550	342	827.1200247802967	2385.6282861561926
7	29	930	153	401.1775968431754	1237.246838273725
7	30	1240	254	621.6938875318456	1815.6368886568066
7	31	682	132	336.4963263457846	1005.0664197648146
7	32	930	183	407.3201231054678	1155.6290499557933
7	33	1116	232	528.9158814980719	1446.4045988565672
7	34	744	160	390.5949799418328	1089.5028822826487
7	35	496	80	185.20966449665235	546.0754323778829
7	36	868	171	429.40660100492164	1278.5751556906062
7	37	806	180	439.5130989174783	1234.2323413678307
7	38	558	109	263.3727602509863	764.0718527918024
7	39	1116	238	584.8294567043362	1704.5378882681555
7	40	744	152	358.7192579863522	1038.957056612835
7	41	496	120	298.5273264004418	879.1784573903245
7	42	558	120	283.66213207490546	798.8702581928994
7	43	558	140	362.37139881622494	1112.5509389520557
7	44	682	165	398.9326391190508	1151.3410294141868
7	45	496	122	313.8229219167491	947.1004471514703
7	46	682	156	376.4216669133033	1114.9697125048208
7	47	558	138	359.6113221897159	1052.64427850072
7	48	372	83	206.0606562810871	622.244458541602
7	49	372	97	246.93309790551564	726.9509012441324
7	50	186	43	102.47292057289238	294.2611736179903
7	51	620	163	430.61598797367964	1359.1136244570027
7	52	806	189	476.9125160779913	1400.7626634715955
7	53	620	180	472.9924892108153	1415.2277356159539
7	54	620	152	364.1818299752199	1013.1746592881507
7	55	620	154	404.37959679845795	1221.9605298445208
7	56	372	83	213.0561527784816	639.6710154821807
7	57	434	106	262.8479835113194	755.8010853719302
7	58	434	121	300.50174852761336	867.1070421966624
7	59	186	58	149.3095006596771	425.3556717881302
7	60	434	116	309.60183153235937	943.1801110496493
7	61	62	16	39.28648088809431	113.80550675272815
7	62	186	54	131.78700101931946	379.5229912073244
7	63	186	43	108.10557273327741	323.35912400720525
7	64	744	197	488.8874986575775	1414.2374721991937
7	65	434	139	350.1187214739917	1020.7256047947237
7	66	372	112	303.3913874730481	969.8512290802835
7	67	248	61	170.06734260000894	549.273482515425
7	68	496	152	404.8833997416234	1239.529652674144
7	69	372	98	240.20325509327603	678.1677696569529
7	70	248	85	217.895253241538	638.9130385462452
7	71	186	44	97.87019550405026	267.2446136154896
7	72	434	126	325.1476821519234	961.8697446767153
7	73	310	89	222.9873493165295	636.3429888600651
7	74	186	48	137.23059162879403	448.54826467275745
7	75	310	87	201.4237817162857	547.1920660166047
7	76	248	61	147.91738001100032	420.64233115585444
7	77	310	84	225.6009321668173	686.5636087486258
7	78	434	119	295.09952884977986	868.2787471178849
7	79	310	98	262.72138070563807	785.8185303912969
7	81	186	51	128.17993294751477	357.6877999812583
7	82	372	116	312.91778089451196	945.2899073117248
7	83	372	127	343.3968305293822	1031.2297936293398
7	84	248	67	175.5988090000298	533.5716604316947
7	85	310	110	294.53697958573537	897.346984850488
7	86	248	81	222.45942742527785	690.5829242449282
7	87	434	121	316.8121703035855	932.7365988155757
7	88	248	78	206.4380048019606	606.4141799662157
7	89	310	95	259.4879181981689	795.9716168018815
7	90	186	57	136.87987757598233	378.84320957912405
7	92	310	96	246.76535753574376	729.3718839985534
7	93	248	87	230.48259592785928	685.0690454034209
7	94	310	91	234.75563303464378	717.0893665493345
7	95	124	52	135.59935140677942	399.30814592751415
7	96	248	75	195.3184263753322	584.7350371812563
7	97	186	56	156.58177234729797	490.3485163973593
7	98	186	59	155.31287440915395	463.0859706988095
7	99	310	113	288.76746725018194	847.5571840185302
7	100	62	21	61.07008850107386	198.67860823246141
7	101	124	41	120.86869440155336	397.2926015768052
7	102	186	61	166.83831689477933	524.4889571208384
7	103	248	79	212.73457846886092	639.1236908944072
7	104	124	56	145.76629557516952	427.7386397504419
7	105	186	55	143.03391885785445	416.66091317723215
7	106	186	64	158.0237884205365	464.39951670673554
7	107	62	23	50.11623507319745	126.39063235826121
7	108	186	65	171.286388824379	517.4339359537117
7	109	62	24	56.810308954796454	156.8947655810013
7	110	124	45	131.99104179807787	424.3132338009768
7	111	124	43	114.32003948092272	340.9294732927483
7	112	124	49	144.22465220450832	471.5536457378167
7	113	248	81	201.06104706735533	568.0710810851929
7	114	434	145	401.17283813033146	1228.0281753129784
7	115	186	59	161.51270638763418	473.56790247207584
7	116	62	21	66.62082411949967	224.35457421736132
7	117	62	23	60.60076400937833	183.14535254519288
7	118	372	133	362.64703470334445	1096.159128428484
7	119	310	93	259.9934806919395	813.0987253459015
7	120	186	65	169.3137124099616	476.49361135101674
7	121	248	80	215.65403088139047	662.4109449085425
7	122	186	60	158.80722171363857	474.9632962322093
7	123	62	28	71.86878190309072	213.41989468553217
7	124	124	42	102.7771943027989	293.355695343124
7	125	310	114	317.0532605068007	984.0554954411393
7	126	186	72	202.6578790574324	637.6669782289032
7	127	62	22	58.019639147618605	170.9474981628679
7	129	124	48	129.23225288980592	383.1250770823735
7	130	124	43	123.61652594453022	399.5411298715943
7	131	248	91	259.20716390965583	824.1216097080612
7	132	124	46	122.67617427391085	361.8682161403186
7	134	434	153	410.6810459088739	1248.713717633184
7	135	62	16	50.50673801535919	170.66925246862786
7	136	124	33	99.69298283979951	327.99415704371216
7	137	124	44	117.50907480164551	359.664135242036
7	138	124	41	115.13456002878226	371.4147336096442
7	139	186	61	158.75545311926464	457.8515052848107
7	140	248	82	207.7618093396963	593.643063632186
7	141	62	22	60.205361640072944	193.3257579999467
7	142	124	49	130.12435515385846	385.40089095291904
7	143	62	32	88.12679292436228	266.26301196018426
7	144	124	55	152.44193212369174	486.21904042495055
7	145	186	59	168.71206926260595	541.4603025779944
7	148	62	28	80.88302224243868	265.69659045616055
7	149	62	21	56.46622675765428	162.40139447186198
7	150	124	42	119.53503498004905	385.7254046209614
7	151	62	23	62.759965925618005	199.50127968462152
7	152	310	128	342.32980655320944	1037.5090638284098
7	154	124	51	145.41619318370104	447.112693218703
7	155	62	23	64.16678589603079	203.71944106907856
7	158	62	32	91.85262394678658	286.000812453776
7	159	124	52	136.25275493848392	427.4794553445834
7	160	124	51	141.23761747827817	436.7383559510677
7	162	62	28	77.00031188052104	229.50212367839723
7	164	124	53	148.64731201439534	465.0241701669879
7	166	62	24	66.90007482585648	215.9269012034293
7	167	124	57	143.69145866343936	409.9356386667851
7	168	124	45	127.2102816634528	410.41984061485783
7	169	62	24	55.45608958113389	145.24319392577357
7	170	124	53	147.23177961844195	468.32446583726966
7	171	62	22	65.48626734281655	211.873771647323
7	172	62	22	62.28169789000021	190.34573013062115
7	174	186	78	228.96214072820175	735.4924126880294
7	175	124	58	134.41804358364155	369.13837286323053
7	176	124	54	155.8141095845259	482.98835166353
7	177	62	25	64.6326876738745	194.21825766123288
7	178	62	25	67.90063865739253	217.0331697439809
7	180	62	21	56.05758770805346	167.79204541534241
7	181	62	26	73.83622536897538	233.3969405361089
7	182	62	20	58.744939311754585	195.68179593541382
7	184	62	25	73.15637458679602	246.1215945677136
7	185	124	59	162.20452935863102	505.16136382113535
7	186	124	50	137.9533095788712	422.23285562100006
7	187	124	58	150.4769167256109	459.5204293145124
7	188	124	49	120.64248858354303	345.51745497264466
7	189	62	23	57.66169905580671	163.7354199216135
7	191	62	25	69.41346360218726	221.84260259207366
7	192	62	20	48.84955262394673	140.29826015392356
7	193	62	20	57.26623171683555	180.8689439934112
7	194	124	53	155.6020004307672	515.4927475428365
7	195	124	50	130.9806716154536	385.8484055961856
7	199	62	23	53.37519286267464	143.38208511053972
7	200	248	95	272.22751816403405	882.5221406433766
7	202	62	24	65.40212718148774	196.01179478165346
7	204	124	60	173.42697954213742	548.1608886346307
7	206	62	26	70.54750330894355	216.97633788263863
7	209	62	27	75.60558933105494	239.01262162238805
7	212	62	31	91.93394658849661	292.7847788043404
7	213	124	55	160.50116535303872	512.7123262311848
7	214	62	24	60.24182460155681	172.3547610165352
7	216	62	31	84.891994478458	254.17366081764388
7	217	62	27	71.96907528999384	220.05407057203556
7	219	62	19	52.81295841402844	163.61014269839666
7	221	62	31	82.04291945333168	264.6258579121249
7	223	62	26	65.95072946703753	203.44832135310835
7	224	124	51	143.65775724424427	458.7188667470893
7	225	62	25	77.4051890924047	260.5325497351547
7	227	62	31	82.89996959370875	255.59830318370607
7	228	186	80	230.6784416627539	760.0979518332479
7	230	62	31	83.87333388436161	265.73551260826525
7	233	62	23	73.0787109948376	250.54607395809867
7	234	124	57	157.40746178686342	491.5249358824757
7	238	62	26	69.41459907356578	211.50839649691162
7	240	186	90	245.9656396347017	774.4969407208646
7	243	62	26	75.80820946804269	236.12085124981306
7	245	62	23	65.53271653487522	206.96836218063868
7	246	62	26	71.54477049579016	216.88688353784696
7	248	124	48	130.6574057817426	404.93692353519504
7	252	62	25	80.53143190366639	277.0536143703409
7	253	62	31	81.42393495778441	236.05853483248598
7	256	62	22	74.2865747333025	265.3848086558925
7	261	124	67	179.94137631982343	565.5619492746953
7	263	62	26	69.28350642247032	216.69254663840826
7	265	62	28	84.20618617705254	286.2630350638169
7	266	62	30	82.03189382788945	243.55470438143107
7	269	62	26	76.89107104723612	253.6735543277276
7	270	62	22	72.64836694912385	259.118904739067
7	272	62	28	77.23327232638682	249.96176652342763
7	273	62	29	75.62034860190059	241.82788945289317
7	275	62	27	74.35935314145011	231.77947213307436
7	277	186	81	243.55380610091197	797.3344834334996
7	278	62	32	93.75429762076163	300.76329872938385
7	280	62	29	82.55615982902347	274.7422715343764
7	282	62	31	101.01888525865589	363.03441108787956
7	283	62	31	78.62692179704392	226.40629457868047
7	284	124	67	174.80227346423018	520.5994820442493
7	286	124	57	153.49228528364833	490.31277445746514
7	287	124	56	161.31959836078897	519.5143990618592
7	292	62	33	101.24839623824444	344.5000558376615
7	294	62	29	87.69287872358147	291.57924471580367
7	297	62	28	83.4519790916197	272.0092633514538
7	298	62	28	78.75958794784391	253.37997513483668
7	300	62	33	90.22959190466982	275.4727079119896
7	302	62	34	86.08112447871159	250.31177275386972
7	310	62	29	88.16034508926515	288.02596872303656
7	315	62	29	76.24223616222119	242.29312573357302
7	316	62	28	78.63173352955063	249.28855752541406
7	317	124	57	166.21293732473936	541.9652702127134
7	319	124	71	199.85080188200797	643.5677957109367
7	320	62	35	94.39702944668791	286.5286137257039
7	322	62	27	77.71242687418594	258.2477726156589
7	323	62	30	81.24769576246038	242.96516503129018
7	324	62	31	83.0106912818981	249.62679622322156
7	325	62	30	85.77152443764295	274.07058908219824
7	332	62	30	77.65375918133141	232.536958764363
7	340	62	32	95.88907006873981	324.80832144486317
7	345	62	31	85.9537082153603	264.8698281688399
7	346	62	32	89.13127755645591	278.5916326279152
7	348	124	57	173.31988105460454	573.4724132513259
7	358	62	35	97.99499271476459	308.3377969834495
7	360	62	37	101.26136841571734	328.973655626016
7	361	62	37	97.79341788618969	310.5878164488367
7	363	62	24	73.72986810486215	249.6325276306061
7	365	62	37	94.23127741648169	286.3116059481207
7	370	62	31	89.96356753992231	297.0195914217453
7	374	62	35	81.49000884953733	227.19947248354882
7	377	124	72	207.247052489691	667.4060930887055
7	384	62	32	99.83572031716493	337.268183386453
7	386	62	38	109.24377467457046	361.64478630750216
7	387	62	36	101.2924496486126	323.22756523024316
7	391	62	35	103.79845263824429	344.4619593719149
7	393	62	29	90.04320542483318	307.5405278368705
7	396	62	32	88.19951291568458	274.7934527146404
7	406	62	35	101.75768501143354	350.6297313690519
7	409	62	30	86.99933992098279	300.6780744102047
7	414	62	32	97.37305988682881	337.0408497691841
7	416	62	33	87.22809604837418	287.19776686774827
7	419	62	31	89.556876111976	297.9609291508139
7	422	62	32	95.96489133755412	324.7168895028227
7	429	62	35	92.00656685559791	293.88484540524723
7	431	62	37	110.41776136839867	359.90245139899895
7	432	62	37	109.91467207482508	367.2862538186545
7	433	62	30	92.72401799068835	319.0084559368556
7	440	62	37	108.17690749770551	357.063629993372
7	443	62	31	85.71813732910536	276.6184600052482
7	447	62	31	98.65077525878573	343.6570728422637
7	451	62	34	100.00077828870407	322.942481500481
7	453	62	37	110.55982003888849	364.871896835465
7	461	186	111	322.65326170187035	1042.9121584367301
7	463	62	34	101.92120192555049	378.286615898071
7	465	62	38	117.5677472556399	398.49587922102523
7	468	62	37	102.8644601427266	332.45160699286765
7	474	62	30	92.86771579959195	318.16930001646
7	481	62	35	107.48367648941328	356.44447824312897
7	486	124	68	216.77692177701988	761.8372437457111
7	490	62	36	106.26204476414192	363.264998753599
7	496	62	27	89.84294588334535	314.9666400151663
7	498	62	35	106.81942659786401	372.03734518702396
7	499	62	35	102.30110738198054	338.43616477492355
7	501	62	35	95.68697388731819	315.2421249195547
7	504	62	40	117.10686424053932	403.58456840502805
7	507	62	36	102.59485273461321	349.43298070151786
7	516	62	35	110.42695295487347	372.10059369822807
7	529	62	33	102.01808005682307	359.25797240769896
7	546	62	37	104.932123980486	362.93291832086425
7	551	62	31	98.61256585462323	342.64258315256467
7	556	62	35	104.12261935464538	339.6634309434708
7	561	62	36	99.01300204862285	330.2711817698103
7	563	62	38	111.50492539545829	370.7738041268509
7	570	62	35	104.24826396126976	364.94363649762414
7	579	62	40	115.79157144698866	378.368028674672
7	584	62	38	115.3110983749902	396.96454394409477
7	585	62	35	98.6919425017616	323.76625011153067
7	591	124	76	216.97596933713	746.0170957808841
7	619	62	40	107.13128988482416	344.2911013609571
7	625	62	37	114.03196457397539	391.42569726723775
7	648	62	39	114.29777256075965	384.49088151279403
7	652	124	78	240.31010011128353	831.2069177368488
7	712	62	40	110.63518613484548	375.12141362682013
7	736	62	34	105.09398000242288	368.42181524097015
7	749	62	39	118.1656030230099	408.3622389646458
7	781	62	40	122.95976723150355	431.824491116229
7	815	62	41	127.20162357882275	453.5211792843522
7	856	62	38	116.85971105953602	428.53958945847904
7	865	62	40	124.24461346767853	439.6209929193542
7	866	62	41	126.43488374867138	442.96352739660085
7	872	62	40	123.08659914121547	434.803748471116
7	932	62	41	128.0921381355014	454.555773468993
8	0	2475	0	0.0	0.0
8	1	129225	1947	5818.135080332813	20035.72163765987
8	2	57675	1479	4008.3584161033837	12907.151114832692
8	3	35025	1309	3403.2564131965783	10521.856019358136
8	4	24225	1229	2922.9771166102187	8530.658055690521
8	5	18300	1175	2832.8838340865786	8266.129325309936
8	6	12150	851	1901.5145034430652	5278.593870013557
8	7	10800	1046	2344.9996333262998	6560.215363984642
8	8	8625	821	1859.188421300803	5114.871588127134
8	9	8475	839	1835.7927284946907	4957.393593120702
8	10	7575	980	2087.988353382968	5622.369169968379
8	11	6300	743	1663.5008423930615	4503.467675141271
8	12	5175	614	1235.3078154369168	3215.8632740336743
8	13	3825	450	957.1358164695819	2584.568016777642
8	14	3975	563	1249.4240297427534	3346.9934740557283
8	15	3675	517	1076.3949000258851	2862.21150184203
8	16	3525	629	1334.514808554594	3458.1499122128716
8	17	1875	331	708.1131667902448	1861.1842756991891
8	18	3225	634	1324.9415158742372	3461.6398664111075
8	19	2550	415	797.3860367631746	2046.8649646719732
8	20	3000	548	1136.3752840314676	2987.9610994465675
8	21	2775	502	1026.8549672955357	2668.6359935506885
8	22	2025	378	807.4871857310607	2090.2139319042208
8	23	1500	306	636.7715895713449	1638.204111990183
8	24	1425	318	665.341146140338	1695.8316384285586
8	25	2100	450	930.6498811794411	2363.694918219569
8	26	1875	439	880.368690193862	2203.1242821072146
8	27	1350	302	604.0168532645156	1532.3390774871154
8	28	1875	515	1009.5776746506056	2449.1507062915243
8	29	1125	245	558.1781813780931	1506.955543085929
8	30	1500	420	867.4647470262757	2170.101791109976
8	31	825	200	410.12284989110856	1019.5672021679288
8	32	1125	270	531.9924689212476	1320.4656949747155
8	33	1350	359	714.6863137416854	1759.4903763764346
8	34	900	256	554.3032593037497	1390.439280635254
8	35	600	126	236.81537835413724	546.496832324451
8	36	1050	270	565.5006324582978	1435.0900087837572
8	37	975	276	592.0526490452044	1497.9383819773461
8	38	675	184	396.4838286844772	1054.9636812591766
8	39	1350	369	772.1372646651588	1961.0650685391654
8	40	900	228	457.02340131206546	1157.2586551146696
8	41	600	188	372.917386558005	884.9537585446703
8	42	675	179	372.1720697515211	950.4814035283675
8	43	675	206	414.1911553133308	993.5609326400634
8	44	825	257	532.5139875757377	1333.8978698745764
8	45	600	177	363.6334915821441	910.6694115794942
8	46	825	244	511.5293251282458	1301.3640199458014
8	47	675	230	527.8541567593658	1395.215178404605
8	48	450	145	302.59200351562015	763.3338844988427
8	49	450	167	362.24326338177895	926.4065305332883
8	50	225	75	159.2344538456491	393.4802150297144
8	51	750	269	562.284174203097	1403.573820116486
8	52	975	321	683.702428165702	1750.8113944263644
8	53	750	283	641.4207271769909	1711.7263576911018
8	54	750	237	498.455726934152	1275.6978964577893
8	55	750	248	566.2917232080656	1503.5926413724849
8	56	450	138	287.7001331327144	710.3720331092292
8	57	525	173	359.0198779965738	920.0044874508525
8	58	525	181	400.4023707972526	996.6373878608053
8	59	225	95	222.7024738438402	585.2150990213995
8	60	525	187	406.34387406056624	1020.4331574766996
8	61	75	26	54.91968580269085	151.24708290656642
8	62	225	79	154.25469256893746	381.89639910860114
8	63	225	65	141.18900097706762	367.8097944286842
8	64	900	304	687.9208619812152	1825.5037683444557
8	65	525	209	452.0342791254417	1122.4993587724855
8	66	450	149	361.59661709660185	1027.4974002744639
8	67	300	98	219.43504414127406	577.9581295935551
8	68	600	243	547.5259302385388	1426.8246117844305
8	69	450	151	328.92357244017876	821.2973727983963
8	70	300	129	303.4805646234495	840.4330555753453
8	71	225	87	168.79643452361452	405.55051908278176
8	72	525	171	365.72247501583433	924.225390745329
8	73	375	137	308.5167889257534	803.400009675139
8	74	225	83	200.0489513624163	544.567634468116
8	75	375	132	282.59060992197027	691.7406599931884
8	76	300	116	257.75960389027455	683.3691363947229
8	77	375	139	307.3512816380163	788.2889370000528
8	78	525	178	370.9173723021899	961.2502506544373
8	79	375	141	326.76063607222204	866.0147323935767
8	81	225	81	171.69072909091676	410.26512158426806
8	82	450	175	388.66395877631675	993.4147140604498
8	83	450	190	426.3768017299268	1082.8015727016573
8	84	300	100	214.9409918530704	523.3083149413691
8	85	375	159	365.39184068077157	971.5863573861777
8	86	300	116	268.4019683332309	708.1490338660012
8	87	525	202	469.78614446371097	1250.9034165550618
8	88	300	109	261.07556041988573	691.3139423803666
8	89	375	152	361.90001049939804	983.8324865529623
8	90	225	78	159.8809760483893	387.56421303017885
8	92	375	147	314.27354782328234	784.0704402728861
8	93	300	129	306.7373550027602	815.3166326473736
8	94	375	150	335.1634469759778	861.6912079852591
8	95	150	67	161.7649967440281	432.3130233586902
8	96	300	118	273.6949808024557	720.3451597062278
8	97	225	79	173.4266049471446	452.7188975785151
8	98	225	88	196.99393898156686	500.46357623488814
8	99	375	158	360.25189851208165	926.1399395569385
8	100	75	30	69.93978812419907	180.54173707549512
8	101	150	66	158.47767973068852	419.52119806662427
8	102	225	86	209.7298140413296	564.1361596231383
8	103	300	109	238.0866071232852	595.58554833389
8	104	150	77	179.17560062794516	482.10772902061456
8	105	225	92	225.27962615076075	641.0224010893694
8	106	225	93	206.96323882507994	551.9285156972712
8	107	75	38	80.89045510374815	201.47477306578747
8	108	225	95	218.70134823666228	575.9945088907201
8	109	75	31	71.13717274746543	186.69070231505972
8	110	150	60	142.89458519899694	396.3010192417882
8	111	150	64	153.62385828744627	405.1960232456081
8	112	150	69	173.20568176078726	484.94576718847406
8	113	300	133	287.9837328024229	720.5336416796282
8	114	525	208	492.44995050156894	1308.900118524659
8	115	225	84	199.39287381625803	539.4915957773806
8	116	75	39	102.48824642063146	285.79589366717397
8	117	75	32	69.44399806390561	180.12108331512687
8	118	450	195	477.31875847249376	1317.1465598242078
8	119	375	149	330.59677040641384	856.4584564213465
8	120	225	94	219.79069156209312	581.5674495343178
8	121	300	113	271.5849944770822	746.3781996789601
8	122	225	93	188.86954691803425	457.96324224699043
8	123	75	38	86.43065953921345	220.39301021590995
8	124	150	67	146.7773347669403	385.1188297739711
8	125	375	163	406.43496779071006	1142.6700698287316
8	126	225	106	272.0897192160317	775.6751385353734
8	127	75	37	88.9583186344973	242.4230132447139
8	129	150	72	173.3012206100012	454.38597015091824
8	130	150	63	151.34208744417847	399.0801721506616
8	131	300	136	337.91039069914376	941.8238458861933
8	132	150	66	157.97204961278197	424.12336885134226
8	134	525	233	545.9798593841989	1466.6411551085362
8	135	75	33	84.88187567604241	236.94418216497175
8	136	150	65	156.17814989841833	423.6295991572522
8	137	150	59	130.81371963429666	339.60495135863226
8	138	150	67	160.14668774854695	419.9157557520059
8	139	225	105	248.78510652466608	661.5327433361153
8	140	300	127	300.7472345182083	804.1407919321964
8	141	75	29	67.63788193397538	185.84039878719864
8	142	150	72	182.2433689649382	521.3875755651006
8	143	75	42	101.70846106035448	275.1147204365182
8	144	150	70	165.0807552977978	448.6399794856045
8	145	225	98	243.54453579558896	673.638609354522
8	148	75	44	103.42337899490165	279.45154459349726
8	149	75	29	71.61594120023442	197.12106822619938
8	150	150	71	173.7494868991031	463.70931545807457
8	151	75	35	82.31145900465093	226.9164140886935
8	152	375	180	433.51743679405706	1186.2499464111168
8	154	150	62	149.0326822543235	393.1495095458208
8	155	75	32	81.74429883519474	234.364942056943
8	158	75	41	110.42090910125287	320.7947673791694
8	159	150	75	177.19071360953728	483.9056331576257
8	160	150	67	164.6370961916092	457.0426865622055
8	162	75	39	101.13493008845089	289.80679280066795
8	164	150	78	193.27979739757063	531.6977290835907
8	166	75	36	92.07289063587784	272.27507380299716
8	167	150	75	165.04920258049594	410.2182224540369
8	168	150	69	159.03337967251807	432.75001434253653
8	169	75	39	84.57542798587406	205.3264463177532
8	170	150	73	171.69291023009606	461.6697720311279
8	171	75	35	90.80943442945451	255.9018473429488
8	172	75	38	94.17291136281463	257.4796745367839
8	174	225	109	283.73445760613623	820.7123230899009
8	175	150	83	190.10472733376622	497.6190635266487
8	176	150	75	200.29317312891584	575.1745663562308
8	177	75	38	87.63502070189166	221.9358740357841
8	178	75	35	85.99779883463293	226.36967942114222
8	180	75	34	80.76686374890475	213.6567754758274
8	181	75	36	93.31347998946696	263.44058424737904
8	182	75	38	92.55360434621565	253.80245354196612
8	184	75	38	93.53695193768938	263.52531679466404
8	185	150	77	188.00190431352092	527.1655907676602
8	186	150	64	159.4293248390382	442.94392101674737
8	187	150	77	184.28477020818633	505.97827898915557
8	188	150	72	155.4061923601302	395.59213141863563
8	189	75	31	69.62040361831609	181.27614184272343
8	191	75	35	81.64837018436813	226.67154337926908
8	192	75	30	69.92043038006184	179.0348677441403
8	193	75	30	73.84402941725833	204.2546915307587
8	194	150	64	152.0494724204022	417.8448208090672
8	195	150	68	170.3813141760495	476.27262493914594
8	199	75	38	87.34428596991906	232.4447479427127
8	200	300	136	344.72148098138206	991.2219586310352
8	202	75	34	95.02425851607194	285.17154428316945
8	204	150	82	198.15306167311277	530.8418352034719
8	206	75	38	98.30484035416627	279.6563892012414
8	209	75	34	88.36849086768427	247.32774848924603
8	212	75	42	103.80900937349794	277.95582106854783
8	213	150	75	203.2634828043588	594.4842631713668
8	214	75	37	96.94033366109575	273.6705501546771
8	216	75	38	95.86058258650094	280.28242031646073
8	217	75	39	96.63828403265732	261.4799143284664
8	219	75	36	89.36446063747725	246.33196896236961
8	221	75	44	110.08408864423045	308.15876036289797
8	223	75	42	106.00492889781432	315.7432684097368
8	224	150	75	189.02878501959586	557.2150726204829
8	225	75	36	97.5476020274823	284.9712559034223
8	227	75	41	95.62833841327148	261.262531602626
8	228	225	119	318.6947882929648	928.5426033025926
8	230	75	43	112.3435074530971	329.1865463913106
8	233	75	34	89.17723047124257	251.24789336403748
8	234	150	82	218.05175048205962	632.4197940084061
8	238	75	36	84.22582025126422	227.3163377992352
8	240	225	125	309.26845885491986	875.7366921549205
8	243	75	37	101.92653424823155	306.8356028150466
8	245	75	33	91.3520898454873	272.1893111237536
8	246	75	39	104.64448237112579	317.53496458919096
8	248	150	74	183.1386727805328	517.140735739039
8	252	75	38	103.6886930055209	307.7428152980019
8	253	75	45	106.65874796299161	286.4902877410122
8	256	75	30	86.94902345909746	275.8786767559082
8	261	150	90	235.3552297135546	695.3629383357115
8	263	75	37	92.55862874499385	252.23203913318025
8	265	75	40	102.8628948511742	294.8605495478599
8	266	75	39	97.70790423859111	277.4783934285353
8	269	75	35	92.8677496807293	262.0198924777677
8	270	75	36	93.82844564558913	258.47319679773756
8	272	75	39	105.30604266400336	316.3689111547352
8	273	75	46	104.35014632504965	276.65546201707036
8	275	75	40	105.63395213916574	304.63704133806465
8	277	225	114	316.0360574095972	964.9274765935015
8	278	75	42	118.0333325870344	355.5539832624829
8	280	75	38	104.68380885174238	316.12405474726074
8	282	75	39	103.48242681643177	302.674766992267
8	283	75	43	104.03302505703739	283.7475533275105
8	284	150	87	204.74358259531118	549.7211031258046
8	286	150	80	206.48486346781647	603.662694791393
8	287	150	78	190.39032341112346	522.9604071749511
8	292	75	42	118.31997741647896	364.5411820136247
8	294	75	40	114.88219050934424	352.0374236264561
8	297	75	40	109.08190713355467	327.2549176691458
8	298	75	38	97.02716023958179	273.1515386768402
8	300	75	44	106.21177106426524	293.22759809656714
8	302	75	44	113.66721665654258	331.1391092431745
8	310	75	42	110.93442311056536	329.17881378509753
8	315	75	44	96.77946688100536	248.25691235932848
8	316	75	40	107.11812912918914	310.89229755075183
8	317	150	78	209.98598023808182	633.1744046759043
8	319	150	85	230.6038017156693	698.7711359267413
8	320	75	46	112.11109677603015	305.9245454745875
8	322	75	37	106.60856848953394	332.4103756384145
8	323	75	37	95.84653368750394	274.225823998778
8	324	75	41	108.3471316757443	312.3600340068392
8	325	75	42	105.68012160421156	296.02430511176937
8	332	75	40	104.4585156197281	301.06022653200296
8	340	75	40	98.45444196112487	273.0336489796863
8	345	75	46	118.2145897683518	326.3264189981063
8	346	75	46	114.13478199845754	319.77847717596563
8	348	150	77	212.44661678427843	636.331592520078
8	358	75	45	113.57698496947943	318.7892426375133
8	360	75	48	132.1725129189338	411.89633511138095
8	361	75	45	112.70412941614838	329.58129343277886
8	363	75	39	107.42314381553288	323.88338078945776
8	365	75	44	112.10619363729883	331.39161157191023
8	370	75	40	111.1994377858752	332.7772917693812
8	374	75	47	115.59585865568287	332.9350506035049
8	377	150	94	258.19158739435034	785.3231909738777
8	384	75	45	125.5891923341864	384.9555131585261
8	386	75	48	129.4248805993406	393.8539313069732
8	387	75	47	120.35541816147783	345.8265915580814
8	391	75	45	122.98816883870657	374.41826793016503
8	393	75	39	112.28235678529717	360.09778137128114
8	396	75	46	127.19247559556607	376.86441799113726
8	406	75	46	125.99511187844485	389.3787764147164
8	409	75	42	121.74784209316084	391.53847987759764
8	414	75	43	115.3196837991364	346.3008112475642
8	416	75	45	114.97179859238223	339.6713898697064
8	419	75	42	111.94673294377012	340.05440181349746
8	422	75	42	114.92999168384243	346.8054804291093
8	429	75	46	113.22843640356889	329.6806164499177
8	431	75	45	116.51557769708508	343.4048706171839
8	432	75	49	137.35059569649084	437.77064901068104
8	433	75	43	123.9069122340903	394.21973237968734
8	440	75	47	128.79050361294176	398.0970705779527
8	443	75	46	126.08547501446999	389.24093259157405
8	447	75	42	117.43913101019025	371.4459227397983
8	451	75	42	121.92155801877985	382.87558324036075
8	453	75	45	122.76245949011914	380.3409575105097
8	461	225	138	372.62675166518386	1122.6155316685772
8	463	75	46	128.61344280639887	409.67481128638457
8	465	75	44	130.27098380192314	421.29157895486765
8	468	75	48	121.55780762799273	362.7212496470206
8	474	75	45	122.66839790213956	377.8857222700242
8	481	75	44	127.00388166451626	395.3408079008334
8	486	150	89	258.5943679025794	825.1933756105389
8	490	75	45	124.58061478460473	380.4703297500367
8	496	75	40	117.30998397822768	371.5144556609302
8	498	75	48	133.70031150826262	419.49840861171606
8	499	75	48	128.15840405001222	381.1971186338659
8	501	75	48	122.24877584144569	366.5331538122489
8	504	75	47	134.41520697416914	433.7205360017757
8	507	75	46	127.96269514048912	398.0347512074268
8	516	75	44	121.64260768283077	369.6201367651831
8	529	75	45	125.5083082644436	405.28753833667207
8	546	75	47	130.17331661889233	415.2011847036342
8	551	75	44	125.73873555913937	402.29328570894484
8	556	75	41	120.75429569602447	377.80757564394816
8	561	75	49	124.42647802548879	380.95543138538426
8	563	75	49	139.5013810903066	446.05715072778
8	570	75	48	133.13601979784931	432.50573695476515
8	579	75	46	129.17534675033443	401.72875161872685
8	584	75	49	140.78215217927155	451.65610628789534
8	585	75	49	131.20243880649255	397.2321135564948
8	591	150	98	267.453569715337	837.3871208363792
8	619	75	49	133.69080697596112	428.00143837592134
8	625	75	47	137.2799729463648	447.4523653346089
8	648	75	49	137.56290816507897	434.66301594559104
8	652	150	98	279.5315069145942	903.6705706590726
8	712	75	48	132.37498858217702	424.5039524111217
8	736	75	45	130.97976132996266	432.87013556813815
8	749	75	48	139.71035208740665	457.54976053391744
8	781	75	49	143.49612105572896	473.66280541110933
8	815	75	49	146.19730137797384	487.26979594564716
8	856	75	49	140.16311549561226	471.350193326607
8	865	75	49	142.6032386250162	471.5780592688268
8	866	75	49	146.9201617543244	495.59077382181715
8	872	75	49	143.27479848292873	469.1016120865233
8	932	75	49	147.97139324120965	504.0330553386417
9	0	1650	0	0.0	0.0
9	1	86150	1228	3319.1465292267176	10694.140171129835
9	2	38450	919	2160.6404298483903	6309.642905302175
9	3	23350	842	1977.0296027551376	5758.2921012289735
9	4	16150	788	1663.70093078735	4467.946498145793
9	5	12200	702	1516.4876028224376	4230.722686679973
9	6	8100	519	1037.9423845153374	2750.9235555895566
9	7	7200	605	1156.0962686606017	2956.193658326205
9	8	5750	477	977.812022410172	2521.976796001394
9	9	5650	514	1011.1992824994206	2607.7986693085227
9	10	5050	586	1145.1389307716672	3042.7936336600415
9	11	4200	450	926.4974421235671	2486.381263810819
9	12	3450	390	712.3505128713929	1818.8215779737025
9	13	2550	245	454.47765513719935	1142.0817105725673
9	14	2650	325	661.9430738222504	1713.1983374248723
9	15	2450	299	559.9158007816048	1430.6835249562455
9	16	2350	354	670.1669073686678	1626.6862181848044
9	17	1250	185	381.0435105082252	1017.7211965686784
9	18	2150	338	621.1249770327054	1490.6257162621794
9	19	1700	254	436.9376732050655	1094.1000482104077
9	20	2000	285	535.2069013270011	1343.5984557645986
9	21	1850	270	531.6876548564085	1382.8868166021102
9	22	1350	215	428.9474940098185	1048.2307270195547
9	23	1000	166	319.38505767448714	811.5810302671513
9	24	950	167	338.00580576630495	849.1055250257587
9	25	1400	236	452.97618131817956	1106.922520143974
9	26	1250	240	444.9802921469543	1049.303598174993
9	27	900	150	262.2148392198336	616.5930954359652
9	28	1250	269	519.9108665954382	1290.439383218031
9	29	750	124	276.3789965820096	752.9250459882041
9	30	1000	213	417.8847152477358	1026.7172276741485
9	31	550	108	211.93250387507283	522.7779801303583
9	32	750	149	276.789526323667	661.439444540506
9	33	900	178	328.7648145379545	793.4513724453574
9	34	600	130	282.528416875739	717.0472022120671
9	35	400	66	123.55679188092321	297.53955720820835
9	36	700	136	271.38852958773646	677.7115787692791
9	37	650	139	285.7246751738643	721.1280677771246
9	38	450	98	196.46455700024387	486.05110773766717
9	39	900	192	402.5080080399543	1013.3240249853184
9	40	600	125	239.54563953884656	633.543235227477
9	41	400	94	186.427299901577	438.63298521870524
9	42	450	91	178.70390322726564	440.26668552872894
9	43	450	102	203.3513147687841	499.0347845632333
9	44	550	139	287.1268329057805	747.633408595753
9	45	400	98	216.673014256605	594.3468995558053
9	46	550	122	233.3310771587438	563.5471235635557
9	47	450	112	247.60220167381868	642.2239337885194
9	48	300	74	148.4014629632817	365.0382125665687
9	49	300	79	176.51827687285976	470.91213881265145
9	50	150	38	78.96718776228491	181.34045916630163
9	51	500	130	272.6961201181373	687.0763671652786
9	52	650	159	344.907872906041	895.8154289144466
9	53	500	136	308.8135105072457	834.2246320810516
9	54	500	119	232.71747114778006	552.2840264655998
9	55	500	131	297.01708166232794	801.6619709771184
9	56	300	73	162.3087811159678	412.70733072586626
9	57	350	80	166.5100852315466	443.48617041050363
9	58	350	94	217.75503878702028	555.1037144854876
9	59	150	42	100.40556440881801	278.2668699030318
9	60	350	91	208.90444204799118	552.1479368249634
9	61	50	15	37.0749778684992	112.46384205464389
9	62	150	39	77.6421346523585	194.88586661864974
9	63	150	29	65.98086100882618	177.65531824957256
9	64	600	152	334.0878976965013	879.6834714546484
9	65	350	96	226.8537882931741	623.1211690230489
9	66	300	75	191.5559026830581	566.7955212470949
9	67	200	56	134.6817736007104	377.6443266886534
9	68	400	114	248.26380965292788	648.0808971128174
9	69	300	78	169.79146094679112	420.484137325152
9	70	200	57	135.56942039502525	368.59647863364296
9	71	150	40	73.90403042313083	178.3480361918546
9	72	350	90	203.69402779774111	534.5273956828589
9	73	250	63	147.3320197203679	396.0106359305885
9	74	150	42	114.35841526121956	343.09800114152347
9	75	250	64	138.3668606664068	348.03279943598943
9	76	200	58	129.55329483459377	331.11583762206453
9	77	250	71	156.58104901385514	379.05981121980733
9	78	350	96	214.49854602474545	603.2543971420251
9	79	250	68	160.84438765596224	432.1711330729531
9	81	150	41	89.79909273646686	224.11523633602405
9	82	300	80	188.4596400525864	513.549030039201
9	83	300	92	215.8332937136683	589.8650902623499
9	84	200	51	108.15284608542264	267.68798997243437
9	85	250	75	181.47151041987485	505.01558106836626
9	86	200	62	145.5158903572503	393.65279946694056
9	87	350	95	236.21485152586615	663.9258637702338
9	88	200	53	138.11776193837693	398.91899743917435
9	89	250	74	181.17523133851856	512.708463960231
9	90	150	36	73.1987188590283	168.44125066893866
9	92	250	69	162.09746314451232	440.34966950248895
9	93	200	60	148.0283435856614	404.85231012849135
9	94	250	69	154.1975207597057	402.9771313203688
9	95	100	34	85.36542187865491	237.5880202999265
9	96	200	58	140.25481625187982	378.32672156491583
9	97	150	42	100.06567655541788	275.4011456369569
9	98	150	44	96.57075391268465	240.54356389659597
9	99	250	75	189.52064315271556	543.9090867813692
9	100	50	14	34.83489990127496	95.18800888176227
9	101	100	35	90.29874503555742	262.49018429498284
9	102	150	43	109.85600205070108	310.53790162079747
9	103	200	57	132.42165593081313	353.95320100007143
9	104	100	31	72.73430134178736	189.2199549173224
9	105	150	49	117.41905790685506	328.8864712225045
9	106	150	43	98.32167304682432	261.14707442366534
9	107	50	14	30.085655251001416	73.04399077929536
9	108	150	44	108.1917062335061	306.0610224754794
9	109	50	15	37.57951979153358	102.21166945738626
9	110	100	31	81.61192531075268	253.3564370485858
9	111	100	31	71.77316141334468	188.48502590896555
9	112	100	33	87.19081750039467	251.4251918688202
9	113	200	59	128.9925810250937	315.7340260785164
9	114	350	114	290.3052861370221	815.7715766197243
9	115	150	38	93.8722647003122	275.85871350359923
9	116	50	18	54.41754210386566	176.5316239253854
9	117	50	14	27.475876031018352	65.08726624593598
9	118	300	98	255.38883694108148	745.0504731077833
9	119	250	72	159.84984508179778	411.06106589422575
9	120	150	47	124.74488924824708	374.9696333379843
9	121	200	59	146.91823768256677	408.36026682665715
9	122	150	48	108.0168601328759	296.1244429879385
9	123	50	15	35.849792855147285	97.95703898754601
9	124	100	34	81.59189936856615	230.8152894144506
9	125	250	75	201.17524611966903	606.8792004026091
9	126	150	42	107.52388817904455	302.8208556196033
9	127	50	18	45.20049392640635	123.47040983907033
9	129	100	29	71.24993582701295	188.7108895375843
9	130	100	33	84.8584184816676	239.6190994134305
9	131	200	69	183.71184975882014	552.4584968716877
9	132	100	35	85.24308120398894	234.06949867242653
9	134	350	108	281.10021198508446	824.662923540483
9	135	50	17	50.62744251741509	164.9268794103191
9	136	100	37	88.46767946641452	239.6244372566555
9	137	100	33	78.06541901365031	218.5192006252938
9	138	100	32	78.44566695350082	207.28439841380842
9	139	150	42	99.73797161286926	260.9537697556785
9	140	200	63	154.9910125922909	431.97513498660874
9	141	50	14	32.34253297429472	84.04364755828117
9	142	100	35	88.15628120002378	246.83158937582965
9	143	50	18	43.71950536911305	116.29212825987463
9	144	100	31	81.95032533529232	240.47595738412807
9	145	150	50	131.01165604967923	373.10619252098115
9	148	50	19	54.775893405594104	172.47524355838047
9	149	50	14	35.1377414301921	96.49857949309498
9	150	100	35	93.48287444194196	268.2813836124701
9	151	50	18	40.047517166291485	111.36106397956634
9	152	250	80	198.0294090710791	559.9574799300314
9	154	100	36	94.34034790962019	277.27486284611507
9	155	50	17	44.68555275624628	128.49662865359016
9	158	50	20	56.105302931311584	173.8134505755527
9	159	100	35	93.91598400671954	282.126224965635
9	160	100	35	95.87079650681751	288.6317736353086
9	162	50	18	47.41979189673499	142.71151969130986
9	164	100	32	87.09941582847148	259.6309554404355
9	166	50	16	51.160954112999946	180.05527765928613
9	167	100	38	88.5108498499389	228.95426816365068
9	168	100	34	86.69673910839204	247.35845784572112
9	169	50	17	40.18435018911242	104.39413073291632
9	170	100	33	88.22690215218586	263.37284976551666
9	171	50	18	46.98384684287466	132.54270020213457
9	172	50	21	51.01591227508948	141.72265929419103
9	174	150	53	139.70743850125547	397.19058924154024
9	175	100	37	91.66741725809968	255.901913409819
9	176	100	38	112.07930280330835	358.15037842527147
9	177	50	18	42.408784282676066	104.62998286173529
9	178	50	18	42.94248855013538	113.14600174281958
9	180	50	17	43.237978607659095	120.81889661465254
9	181	50	18	50.091630037762584	152.4100015951856
9	182	50	17	44.1899390260419	127.53639745154258
9	184	50	19	53.33054650249494	169.43634882893144
9	185	100	37	101.05571433198946	305.6879997019797
9	186	100	31	79.50711258572147	226.93067423895886
9	187	100	36	94.89284250086472	285.5741746459776
9	188	100	36	85.26295028356688	227.91528348723693
9	189	50	16	33.29857854639358	78.0081568677797
9	191	50	19	51.63166132557217	154.90797019590812
9	192	50	16	37.64846170471887	97.87156747055002
9	193	50	16	38.26115530468783	99.89427290205506
9	194	100	32	81.77531030354679	236.5497676944965
9	195	100	34	89.92096744671079	257.8318208140721
9	199	50	16	39.126602722764865	106.80802228536041
9	200	200	64	172.77471681037053	527.1228420321138
9	202	50	19	51.66883818231034	154.7781366293524
9	204	100	42	113.36969842836258	339.387554921982
9	206	50	18	50.76744704078028	152.7807322062751
9	209	50	17	45.046304281424064	129.04298691533154
9	212	50	18	45.014652985943506	124.89506905806142
9	213	100	39	109.48706444881097	332.6844197525595
9	214	50	18	44.28718483082847	115.01850791598429
9	216	50	19	50.03074452751905	152.59142832361817
9	217	50	18	44.84824639324865	120.84676873076715
9	219	50	16	43.42825968452078	130.35408261591448
9	221	50	19	50.35627167968387	151.16280226650878
9	223	50	20	50.72204324192396	143.12199623697092
9	224	100	35	85.89226173666115	233.94020678848966
9	225	50	17	54.85564650079298	190.7229155179645
9	227	50	19	50.79103669545198	150.74660593498362
9	228	150	58	157.74556576369156	478.47753893220215
9	230	50	17	47.201067381355344	141.90373350723587
9	233	50	16	47.40138650517221	151.510429302999
9	234	100	40	114.02865115118756	350.6002200330326
9	238	50	14	32.96354152650862	91.14929051876365
9	240	150	57	157.95028470324257	487.89221762641756
9	243	50	17	50.223573028790895	159.29855598174518
9	245	50	16	47.79115104707991	155.44264266851286
9	246	50	19	55.73370798008723	179.43885775801965
9	248	100	34	85.24781490291181	242.0801686167299
9	252	50	17	49.24665809827336	155.09897948404392
9	253	50	17	44.08678444551386	121.85977672956321
9	256	50	21	62.84005219083071	201.17693534748327
9	261	100	39	107.87938152868294	324.43237773328724
9	263	50	20	51.74971386275698	152.34902631927923
9	265	50	20	57.55956985824055	183.68231268088783
9	266	50	17	45.696956838521366	144.49698501505182
9	269	50	18	48.684609122027595	145.47787745984328
9	270	50	19	53.39841806135581	161.35951282609335
9	272	50	19	49.97921478288079	146.50071253769616
9	273	50	18	46.71250776270561	138.86738345927188
9	275	50	18	49.13205488081335	142.67255364973508
9	277	150	58	163.4902228144128	505.35716547682864
9	278	50	18	51.40795070264652	154.95553562329638
9	280	50	17	53.7945340765927	184.07641071649493
9	282	50	17	52.98750344487388	176.4620643582196
9	283	50	17	42.84207141205826	126.01721776465541
9	284	100	38	93.86912861040112	271.97593215934046
9	286	100	39	107.2446558156349	320.1208072519224
9	287	100	36	96.0753463381512	282.04058537428966
9	292	50	21	63.36131054487947	202.12965391802203
9	294	50	20	57.55749582006625	176.741850918252
9	297	50	19	55.74296326260814	167.6324264840493
9	298	50	17	54.51362067074095	183.02931655447293
9	300	50	18	50.870475617372406	160.9827031909082
9	302	50	20	54.389685629318954	166.52151061216992
9	310	50	19	60.33470381208046	208.17002851782746
9	315	50	19	45.37576983171826	125.10569432934236
9	316	50	18	46.517442901240116	132.72984883382725
9	317	100	42	118.24056833202718	375.2737360105628
9	319	100	48	134.91061554561398	414.68183920024086
9	320	50	20	52.98454188344814	156.82977122917123
9	322	50	20	56.194429137321904	170.04289575811464
9	323	50	16	42.01862519468466	119.69564195999357
9	324	50	19	51.210853067068854	155.35159109240604
9	325	50	19	54.74312892368874	166.4555431119968
9	332	50	18	47.25311908565227	135.61328666719845
9	340	50	18	51.12458944162243	161.8992745679284
9	345	50	20	57.0690797713698	173.63746304631664
9	346	50	20	53.96622294927148	157.9047841665478
9	348	100	42	119.02573936708389	366.03735991707566
9	358	50	24	61.54736077739597	175.09588231205845
9	360	50	21	58.54197747388635	184.30178828046726
9	361	50	21	55.17108749363966	165.12032153499285
9	363	50	21	62.19839273875711	201.22800817505112
9	365	50	18	47.143137944886824	140.80847197290535
9	370	50	20	58.45978403323862	186.620102008441
9	374	50	21	55.23128146674108	166.44480167767713
9	377	100	46	127.57126131633518	390.58223519952
9	384	50	24	69.25685185036491	218.4340765427944
9	386	50	26	78.47377842255624	271.28237222603474
9	387	50	22	64.13086585065524	203.97459207715855
9	391	50	25	75.47455435210765	246.19932127632055
9	393	50	21	64.00683093213547	222.60750419792234
9	396	50	22	58.8862344393696	173.2508712397201
9	406	50	22	63.91771376267681	205.94662688120368
9	409	50	23	71.18747839965167	239.5031108778209
9	414	50	21	64.03725582006652	212.79571669168183
9	416	50	21	58.91609009498647	183.75609879538095
9	419	50	21	56.22540695190881	169.14250938638114
9	422	50	20	54.73331041052337	164.9918038185745
9	429	50	19	54.992596223220346	188.79459124770375
9	431	50	23	70.60015273118174	239.95551383098524
9	432	50	22	64.77873841792922	211.86547239496053
9	433	50	20	62.23212954941261	204.46837793152974
9	440	50	22	63.05744873100939	207.43633194892834
9	443	50	20	58.27561720207882	193.78987320026658
9	447	50	18	56.29089290718862	188.3857952118032
9	451	50	22	66.17158830833161	221.974370605618
9	453	50	24	68.05321190797396	205.23835691460732
9	461	150	67	193.47021720089722	619.5973103544425
9	463	50	23	69.83218515033863	237.78948480207245
9	465	50	25	76.62437940847202	256.6300835761043
9	468	50	22	66.133046648543	220.14293894365312
9	474	50	21	66.93126235570693	235.72302905334246
9	481	50	24	71.59453910818873	232.16423360399767
9	486	100	45	140.42522433989367	467.15250811762684
9	490	50	23	69.10069811607207	225.6966912900176
9	496	50	18	56.42098140686834	190.71353757551861
9	498	50	21	60.48280496105517	193.9938336106224
9	499	50	21	61.628775883648046	195.57740828827355
9	501	50	21	63.29517544731613	217.87882796103193
9	504	50	26	76.67805436832036	252.1292742409927
9	507	50	23	70.42453650438073	235.75837635077016
9	516	50	25	74.08856496203877	233.8873994565395
9	529	50	22	68.08956132167661	232.73925115678617
9	546	50	24	69.72770223519217	225.5379649789187
9	551	50	20	63.3414509915836	214.67961273524605
9	556	50	23	64.1484049428102	196.89645209989675
9	561	50	21	63.02403202767369	216.3308790662955
9	563	50	23	64.23633582151734	200.53304105979504
9	570	50	23	66.68353110547672	210.87381411218158
9	579	50	26	77.10525000396336	247.78694640846598
9	584	50	24	74.03681496818318	248.37308314369196
9	585	50	21	61.96610755686049	203.55364850809332
9	591	100	48	144.6340533432424	484.97977384733304
9	619	50	27	83.88933178214198	294.54023276256294
9	625	50	23	72.10280965788897	250.39174576335606
9	648	50	26	81.00846818129533	274.97886753348337
9	652	100	48	145.70609561549324	485.85657707770304
9	712	50	26	79.76000739473395	268.6284036220085
9	736	50	23	68.92312480484318	228.2733519155442
9	749	50	25	78.64978203862547	272.9244731739762
9	781	50	25	81.03468869443776	288.30032233323504
9	815	50	27	85.5773470628784	295.0747905915514
9	856	50	24	77.42925977130713	280.74491719303364
9	865	50	26	80.54726291483982	273.6438096243092
9	866	50	27	87.36010214955749	308.8208400446646
9	872	50	27	85.77959874264303	299.034526834346
9	932	50	26	84.80165936018801	303.6741293401593
10	0	1617	0	0.0	0.0
10	1	84427	932	3378.4184007215513	13274.376107468368
10	2	37681	733	2454.544160139019	9009.27590710382
10	3	22883	640	2052.5861080584777	7281.546895602642
10	4	15827	592	1769.1872237545147	5949.544986290875
10	5	11956	596	1715.5224939449708	5515.732073844563
10	6	7938	450	1283.2829029053742	4169.008671996908
10	7	7056	567	1546.9025959001517	4868.4559032402485
10	8	5635	408	1122.9733223423707	3509.304696922135
10	9	5537	390	1030.9286031726863	3151.403816923582
10	10	4949	493	1315.6568815072878	4042.10880222956
10	11	4116	368	982.1777386470362	2983.057981295301
10	12	3381	310	789.3911629522462	2329.4846500357926
10	13	2499	271	663.3847847546367	1891.439871510837
10	14	2597	319	845.9312511659027	2559.7691816783454
10	15	2401	257	669.2825223275307	2029.4183553689427
10	16	2303	331	812.6356254525178	2304.1820678978206
10	17	1225	182	467.7472455062235	1379.6075489503344
10	18	2107	396	956.8307421038812	2696.2063021638996
10	19	1666	212	519.2661852084176	1533.5289470407643
10	20	1960	321	762.3365412519352	2117.204994493082
10	21	1813	304	732.3903231072891	2103.3025977179313
10	22	1323	209	531.0716188934246	1596.852189406732
10	23	980	173	426.3869976653623	1196.158989445729
10	24	931	179	398.2227024231229	1052.3141806969516
10	25	1372	267	611.948769576079	1668.9943333379297
10	26	1225	249	586.7545842490578	1616.4827543956176
10	27	882	169	399.95492993885375	1107.0496094646037
10	28	1225	335	780.3052011232368	2136.6034085309802
10	29	735	153	376.8918954062749	1054.2360374286147
10	30	980	240	583.7491181543998	1653.0581561301917
10	31	539	113	268.97091329809103	735.5161701673755
10	32	735	181	409.0544619022853	1083.079432224688
10	33	882	231	523.5585612884875	1423.6173045845085
10	34	588	149	352.7312052831272	969.9056615874467
10	35	392	75	172.60956987018665	502.97349408079333
10	36	686	150	362.01461632358007	1022.720900893332
10	37	637	173	402.2457095209804	1112.1986179346354
10	38	441	109	253.89889843643905	711.5336480989047
10	39	882	226	522.8127473801924	1469.6292286634534
10	40	588	139	315.4997265227957	822.4596871209684
10	41	392	123	277.99498629048514	769.7524568092078
10	42	441	98	218.22584192535686	559.9367983601624
10	43	441	142	328.98427685680906	916.7623765802755
10	44	539	165	382.03253344457846	1040.4258346678023
10	45	392	106	241.95255873410684	655.5505678485622
10	46	539	148	347.6507715080206	970.9469550311392
10	47	441	140	334.35492411604844	917.750177123811
10	48	294	83	197.41826445419593	549.1301387086967
10	49	294	108	247.74471164953553	684.8947079152231
10	50	147	46	94.85626157691007	234.28795999238451
10	51	490	167	356.60059893541256	918.2216440150398
10	52	637	200	458.92625180640636	1251.9921493874367
10	53	490	183	447.52538170737284	1252.042701383697
10	54	490	163	363.6105457008527	1001.0542811412272
10	55	490	177	435.08147781218713	1252.7433041772579
10	56	294	101	240.4382045064466	716.8062538936433
10	57	343	115	255.31674300351372	685.2946099873251
10	58	343	114	259.5717134034018	704.9361268386449
10	59	147	62	146.20183557469903	399.26705242398384
10	60	343	124	286.259537356114	772.6996305065969
10	61	49	19	42.95600413173966	115.28690652590684
10	62	147	55	127.56499169137169	354.7273155204837
10	63	147	42	96.31275409040049	268.79190101222156
10	64	588	206	465.95550959676103	1242.7990240001914
10	65	343	146	333.50813147839983	913.1417223963565
10	66	294	106	245.4112665560526	691.155993349894
10	67	196	57	136.48529877848455	389.6667980589767
10	68	392	153	342.8814427469904	900.0080048930907
10	69	294	103	237.3047593594453	623.9164073852451
10	70	196	94	215.02647000732236	586.9953913876664
10	71	147	57	127.90018875096385	368.99418828110726
10	72	343	131	303.606883886942	839.8559306667394
10	73	245	92	211.58572152654594	561.1744240271177
10	74	147	49	114.46010893600706	317.7254159109274
10	75	245	91	201.6098528713502	510.58602650574005
10	76	196	78	176.196003886195	457.1771083989397
10	77	245	93	223.89692687110085	621.0431397598982
10	78	343	118	259.973355945114	694.2555609436314
10	79	245	109	249.61320540915017	693.3785765967809
10	81	147	49	120.18393443130122	339.3189823291207
10	82	294	122	267.73029954697097	684.6190503222169
10	83	294	138	324.8818417301987	878.4977269740508
10	84	196	70	166.01696040597847	463.11816016997494
10	85	245	112	253.8452019051703	716.0625617894185
10	86	196	77	191.2984644167015	576.6428449946375
10	87	343	139	329.4667088667592	922.0939329994944
10	88	196	69	174.11246931151442	505.1664154610017
10	89	245	104	248.97476384383944	682.5660569139068
10	90	147	57	116.77136753314981	312.09782286526126
10	92	245	107	236.16243266241628	622.4590187713574
10	93	196	98	228.28701737550747	596.8965629677783
10	94	245	101	221.6429263368329	595.7544356401137
10	95	98	53	125.13951021034256	340.1993154978623
10	96	196	92	212.18517206116343	583.4353768178028
10	97	147	52	121.11859062656619	328.3207959188949
10	98	147	58	140.807337423528	391.48258262473263
10	99	245	115	242.13074248887682	621.7714341483488
10	100	49	25	64.4518136281319	194.84827480728086
10	101	98	45	106.28709415095301	282.97472903978604
10	102	147	69	179.4025129666582	533.9364166057939
10	103	196	82	200.8188948493804	563.8611573717537
10	104	98	54	122.40706870668758	324.356342023252
10	105	147	62	146.3888175414052	408.4502743468164
10	106	147	64	146.6380349541081	416.1213861178684
10	107	49	24	50.634279677113035	127.03302034194932
10	108	147	69	156.90817712674985	430.4504050133929
10	109	49	28	52.86104438625486	119.61690673162092
10	110	98	45	114.68889360379215	341.76901359795403
10	111	98	50	118.1752871754841	331.6320370259679
10	112	98	43	106.00655473651716	294.33666810746547
10	113	196	82	187.26721514050817	505.3188245013744
10	114	343	164	391.1535862503689	1075.465785393097
10	115	147	56	130.36650024515654	336.30225400793495
10	116	49	25	62.45745185597187	170.83749431925563
10	117	49	21	46.199351556618794	122.3425611606516
10	118	294	145	341.65588842913616	932.9932039770868
10	119	245	105	246.23919231699426	667.5182032707432
10	120	147	69	173.1920685795401	496.06599104684767
10	121	196	77	181.7094037523027	528.093075528716
10	122	147	71	164.9405194910863	462.17032877245873
10	123	49	32	70.874860810434	188.01376723116957
10	124	98	47	112.3819977100317	320.3074025602029
10	125	245	123	285.5051596119519	790.8797068710953
10	126	147	87	208.6913225888856	597.1569153156056
10	127	49	26	54.906607624645076	141.20421705840684
10	129	98	52	121.77790188493624	329.53409154103304
10	130	98	53	133.78659020259022	376.6180442465477
10	131	196	97	220.97028921854582	594.326909259664
10	132	98	51	118.38464727025503	315.67533302929144
10	134	343	177	414.45862515130955	1159.7234045357177
10	135	49	24	71.65843423417014	224.52502435327563
10	136	98	47	123.24992772966802	378.61776387569665
10	137	98	50	118.18705346495834	326.8847941864601
10	138	98	52	123.62418032311898	345.29192694734803
10	139	147	67	158.0153154113935	433.9183000847905
10	140	196	90	214.0414727763411	586.6927906302144
10	141	49	22	49.782400256128234	144.86772962603047
10	142	98	45	111.44993877517629	309.6081292597612
10	143	49	32	79.84541526354356	227.0099675976463
10	144	98	57	122.21803726020016	309.7189855954191
10	145	147	74	183.47596913445577	535.1755403103156
10	148	49	32	79.16942853598024	233.34162888517756
10	149	49	18	43.496961330439035	117.99046178662361
10	150	98	60	134.42665146130622	361.48190711142513
10	151	49	26	56.83258187477518	139.05559251302827
10	152	245	137	305.04537353221224	822.8330416493206
10	154	98	51	125.56782293148322	355.2356269596636
10	155	49	31	67.73837769293769	176.65586905068793
10	158	49	32	75.0841549467992	198.06063187126264
10	159	98	57	137.3465488885804	420.40090940393566
10	160	98	52	129.9047391152144	364.48299838555437
10	162	49	30	73.42335246198301	205.67057957302546
10	164	98	57	132.12801602321605	374.583044199232
10	166	49	27	60.9670227310921	163.96221718124355
10	167	98	61	138.94486777839418	367.9014167125714
10	168	98	52	126.30985934638274	383.85205186578065
10	169	49	27	57.31612171950066	159.16084243004275
10	170	98	58	139.01381550280772	387.6478252393059
10	171	49	30	77.49143381053132	218.72388549380588
10	172	49	26	64.95223175601639	180.47841922497423
10	174	147	78	202.5707875959389	601.573199406756
10	175	98	61	130.2945842797239	330.3885512949334
10	176	98	56	142.67548860084858	416.1948441683525
10	177	49	32	67.19676980016595	162.3015683435783
10	178	49	29	67.9684642255672	191.0008208371479
10	180	49	25	62.08773927295232	177.74555326278121
10	181	49	29	73.15275686371155	206.56966447928536
10	182	49	27	60.380006684541556	176.7294912408947
10	184	49	33	74.57846215904432	207.13918438658166
10	185	98	61	141.82752106755962	394.4681298801423
10	186	98	53	128.62670518601897	372.47045262750515
10	187	98	61	138.51527939508796	379.2454518131301
10	188	98	59	127.47441582250829	340.9336500314923
10	189	49	26	59.54097408024791	170.8951896246723
10	191	49	26	61.53797934386858	186.11269237519127
10	192	49	24	52.56250097337216	134.38589962904925
10	193	49	26	67.68856808712694	199.26851664916438
10	194	98	51	118.41278608658939	338.8284357249625
10	195	98	57	126.72971105183132	330.7566457476801
10	199	49	23	55.99255695251543	160.7110769493669
10	200	196	101	250.31023613316506	752.89961380032
10	202	49	29	73.83897905802098	210.87004648818998
10	204	98	58	136.31838949522984	376.168498081149
10	206	49	31	70.78791813298719	191.3275358098551
10	209	49	29	64.87518778671262	173.1736519268817
10	212	49	29	74.88735338637552	212.17126697238422
10	213	98	61	156.02255976288978	452.5624098286282
10	214	49	27	61.03485769026189	164.23579976072
10	216	49	32	71.32220732871521	190.52602539764126
10	217	49	29	77.41634706998609	242.82201651488873
10	219	49	24	56.52305443594994	162.1479837447432
10	221	49	31	76.19396799563738	220.53648768300292
10	223	49	30	73.98071525816466	218.18619754002984
10	224	98	53	126.22713343503118	351.3589776855544
10	225	49	27	70.61934643881632	212.76099739033376
10	227	49	35	72.7698209774685	184.54330877287336
10	228	147	93	239.07091492901958	724.5664114525445
10	230	49	33	80.48687357158241	243.7415978669896
10	233	49	25	65.24910531274264	192.18012097134175
10	234	98	64	157.1196237712773	458.48093245846985
10	238	49	30	57.77511417617369	134.02655796122647
10	240	147	96	227.01831428785727	652.7804772589272
10	243	49	28	71.00121140740605	204.4114986375572
10	245	49	25	54.59296978341368	144.2817064005942
10	246	49	35	87.8949389002924	257.7748219980108
10	248	98	61	151.94888769895928	458.7074544712933
10	252	49	27	74.85447944945066	231.5816455944495
10	253	49	32	74.21629385627078	211.0256673363668
10	256	49	23	61.169284185144406	184.10563034472784
10	261	98	69	160.9009024247424	462.29719352771536
10	263	49	31	75.72669158241489	223.62938064473045
10	265	49	35	80.07307770498234	222.11884934660387
10	266	49	29	75.10543652353653	217.06876274155564
10	269	49	28	66.78527634367255	181.70864367979274
10	270	49	28	72.76516276224761	220.40362573388987
10	272	49	30	73.95717823231035	218.9270162666934
10	273	49	33	72.13481754984545	193.12521699178345
10	275	49	31	82.38753737392896	259.93526712414547
10	277	147	89	239.70660352116585	736.4433823053437
10	278	49	31	86.73666456554794	272.2381478463081
10	280	49	35	79.4250110753401	219.30453345431795
10	282	49	29	73.98721010932061	212.0338005121723
10	283	49	34	68.79051871582169	177.9923324080863
10	284	98	70	170.8654744804931	502.38394129623333
10	286	98	62	147.82216605322833	443.72246384586225
10	287	98	61	135.56075823353896	372.1777858547824
10	292	49	34	83.84855885793475	233.43164524047222
10	294	49	30	78.16772578978477	239.51390636256784
10	297	49	34	81.34677462486847	229.29771931676166
10	298	49	31	73.19500433727718	220.5808157121555
10	300	49	33	73.32484668057444	202.57728681465807
10	302	49	32	78.90548358313005	233.01437056872322
10	310	49	34	86.56385718066255	251.43557648213692
10	315	49	31	72.46653634660504	215.24486133126968
10	316	49	32	77.7095139298027	212.63154674319614
10	317	98	64	154.40741118439357	435.6411981391818
10	319	98	68	175.93311855276576	531.8339574013451
10	320	49	35	79.97836867837546	219.05095043071657
10	322	49	30	76.9852980644627	224.82784605523992
10	323	49	35	84.40945100515604	244.15338519201057
10	324	49	31	83.1201234513994	255.81686040015182
10	325	49	31	77.80102764636057	216.63528736649158
10	332	49	37	86.69152821889598	238.8598425858093
10	340	49	34	80.30727078772831	230.81713409271705
10	345	49	32	81.16345770388588	233.94401058427118
10	346	49	36	92.14990359546864	278.2136253341504
10	348	98	61	168.54490976973293	526.5658141945867
10	358	49	36	90.64449688169177	270.05001006544046
10	360	49	36	95.98283871466327	310.0998311184868
10	361	49	35	87.85777095049002	270.40430408344486
10	363	49	30	80.65305469036885	245.35706247250081
10	365	49	34	83.04885718254464	245.95191216263126
10	370	49	31	79.94848491407848	232.90962217483062
10	374	49	35	86.82024111679364	264.56696266741847
10	377	98	72	184.07605882734325	542.6239491273479
10	384	49	34	95.10442708618615	290.0768976248324
10	386	49	38	95.94272729710858	277.01876397801306
10	387	49	36	89.17020807656334	260.73956259472106
10	391	49	38	93.42297079550814	270.0391154909047
10	393	49	32	87.38813052758886	272.75690731384776
10	396	49	37	102.7134898039393	330.3106531667379
10	406	49	36	88.23175818508551	256.0248000675686
10	409	49	34	88.74817234712938	275.0057419691574
10	414	49	35	84.35554990529326	241.72087999675028
10	416	49	36	87.27715987340306	261.11192028713106
10	419	49	35	88.86252423336919	262.2685432335331
10	422	49	35	95.82245091466727	315.63619713867627
10	429	49	34	86.52745791932311	270.6012062748708
10	431	49	35	87.67721271827973	268.10889076459574
10	432	49	38	108.9016210612576	368.0747342660449
10	433	49	34	90.32786532916558	280.9597480184688
10	440	49	37	98.5950119008177	296.79962181530266
10	443	49	35	87.62944289822599	267.5854481743965
10	447	49	34	94.70652376738775	312.02239406411604
10	451	49	34	86.11802557670991	249.0270965056918
10	453	49	37	100.44808899542508	315.39679018334715
10	461	147	112	281.26452615853	827.8460875330293
10	463	49	37	102.45684914724313	338.0867937217848
10	465	49	38	105.9738027605578	336.6023860639857
10	468	49	39	94.6693861251155	282.38238601745456
10	474	49	37	93.75331597815284	288.735669139543
10	481	49	33	90.13229716417257	269.7271011561084
10	486	98	73	201.31336428261565	631.2651723554178
10	490	49	34	92.16375252839275	306.2090601838329
10	496	49	29	84.22412118519078	285.3088997071078
10	498	49	36	98.90072078695576	313.3643400081002
10	499	49	38	103.19224666101286	331.5572449148346
10	501	49	39	102.64272261065378	315.9397308539336
10	504	49	38	107.20125605575124	358.8577755144183
10	507	49	36	95.35888257324213	291.36695848794477
10	516	49	33	90.0551949845123	280.38487209505354
10	529	49	38	103.99609791128756	337.0953243929911
10	546	49	40	109.87650321629422	358.56760857973774
10	551	49	37	88.62835374255788	263.09132781802543
10	556	49	33	92.11254672461519	292.7986514201014
10	561	49	38	93.60178590889807	272.80955009889834
10	563	49	37	98.6492233871788	313.28831090141335
10	570	49	38	103.0155775928842	338.6736605801975
10	579	49	37	102.5737505708163	325.22133811404575
10	584	49	39	105.99443764456713	329.8166010891793
10	585	49	38	94.44714812835493	273.46511067755284
10	591	98	79	207.1443714934735	641.3804365168969
10	619	49	40	109.22717450675485	352.52685507938406
10	625	49	39	106.58608451905233	341.3678276639954
10	648	49	39	101.40538493139228	304.1870876033709
10	652	98	79	226.51656795633957	753.3989606302581
10	712	49	39	104.29200072277808	342.1014257262799
10	736	49	36	97.87894123496953	307.8431948121025
10	749	49	37	103.08769740841151	339.3664309931394
10	781	49	39	110.15227742126352	364.8425956499458
10	815	49	41	114.56922764358569	380.3634261932038
10	856	49	40	113.50639277421475	385.72489739379097
10	865	49	39	112.03115793197247	381.5659362816127
10	866	49	41	117.17272645430485	394.38660171041965
10	872	49	40	115.05615638722949	390.44939075880575
10	932	49	41	120.37092798023005	417.82851867969305
11	0	1584	0	0.0	0.0
11	1	82704	1717	4808.2499134911195	16092.32414239028
11	2	36912	1248	3100.9110120098057	9646.342781590996
11	3	22416	1142	2753.680148855576	8350.740300248297
11	4	15504	1085	2413.580452647602	6906.241937320839
11	5	11712	977	2251.8092843918203	6674.239886834871
11	6	7776	693	1426.2963255337622	3974.3812361512546
11	7	6912	882	1844.032423867502	5100.8556097822075
11	8	5520	682	1480.2387283478697	4138.733074801152
11	9	5424	705	1475.3969506195017	4039.2484993767957
11	10	4848	791	1592.9085662982718	4323.391097004369
11	11	4032	602	1309.4582883820888	3678.77521235943
11	12	3312	542	1067.2300633891373	2862.1352454036632
11	13	2448	390	758.1214567431723	1969.069826641453
11	14	2544	457	998.6290733959313	2796.237388922056
11	15	2352	425	864.7101180805728	2395.78868975601
11	16	2256	485	1007.7333851661823	2761.2171123978037
11	17	1200	255	547.5086396082623	1541.182184668718
11	18	2064	501	1007.3739248198128	2673.353213549023
11	19	1632	348	638.6714938457467	1664.7925452491759
11	20	1920	434	850.1139560364165	2286.614087614688
11	21	1776	411	808.9757335517346	2123.920150656132
11	22	1296	290	614.294528550013	1684.7979724710005
11	23	960	232	466.1227638964035	1211.0776261288208
11	24	912	250	507.4064565207933	1351.738428090976
11	25	1344	355	725.4499737333277	1902.7907857820505
11	26	1200	344	675.8301762492963	1679.0087766204792
11	27	864	220	418.4664283816131	1065.6582701575649
11	28	1200	391	756.9382695089425	1892.334126722623
11	29	720	193	433.76097023554536	1187.3596864805018
11	30	960	306	647.271899902574	1770.8146339995178
11	31	528	153	315.42182236261135	822.057988704961
11	32	720	204	370.3423370478465	904.843706330909
11	33	864	269	522.7330557334853	1311.8101219647801
11	34	576	192	434.4975555199846	1167.1758942341196
11	35	384	101	197.86546841766898	498.8780525164942
11	36	672	205	451.32583133201285	1275.8879636760626
11	37	624	229	504.4342929337011	1347.4847819715226
11	38	432	139	302.71119951999106	841.7949271923165
11	39	864	286	591.9417929200978	1532.543733023756
11	40	576	183	403.71673137711707	1177.6808759710357
11	41	384	140	311.5543997557254	853.9918091236541
11	42	432	143	304.2661304766313	814.9122781528829
11	43	432	152	317.65388406645025	840.7096143914594
11	44	528	185	394.56012662370614	1047.1130114476455
11	45	384	134	289.3825545819741	782.7346750740116
11	46	528	170	323.92001394785285	799.886496189096
11	47	432	163	372.65767351733433	1014.1123136700506
11	48	288	110	250.70695917261497	708.6391878827137
11	49	288	118	268.8419520468879	743.1062688378437
11	50	144	57	121.86705728547334	311.07855690919854
11	51	480	183	392.5725600140652	1036.8432774469816
11	52	624	228	521.872096877293	1438.9532442107932
11	53	480	208	466.8214598092315	1249.2023605379513
11	54	480	187	400.7946640522838	1059.8432307977614
11	55	480	184	417.74906099992967	1124.7985014900428
11	56	288	105	228.2839026445596	599.7881686381752
11	57	336	132	287.6630900861371	777.43249572781
11	58	336	129	288.6090212793423	761.4429860815828
11	59	144	64	153.21274590811413	415.7768447373854
11	60	336	139	336.0655397720628	955.1285740015235
11	61	48	18	36.26456324047032	97.18241980520494
11	62	144	58	111.14468616906655	261.0905970502431
11	63	144	49	104.14426623869005	265.731945558044
11	64	576	242	535.440697023792	1383.7569034153953
11	65	336	151	347.143088585799	925.7334697425536
11	66	288	118	283.0957745378271	805.5661638902848
11	67	192	74	168.63578823330275	460.920675842493
11	68	384	163	376.6886213342118	1045.8297608379933
11	69	288	116	268.2494290877309	719.7188411060625
11	70	192	91	207.41949711774473	568.3340993950733
11	71	144	61	123.29099463185312	328.27549999592344
11	72	336	147	337.716828613243	925.998131916936
11	73	240	98	237.52522846168975	661.9460364731187
11	74	144	63	141.02930118882284	365.0045515975736
11	75	240	95	207.73015503130551	538.0118308375171
11	76	192	79	174.34142731966762	444.8555166414002
11	77	240	96	228.3416525155167	625.8278633801114
11	78	336	141	301.4683069325156	779.2001795454789
11	79	240	111	267.2622888815963	741.8391565406279
11	81	144	57	132.5567601763504	344.2776304759461
11	82	288	127	296.8580601198117	795.8780515633202
11	83	288	127	294.35102362213036	798.5201025929939
11	84	192	80	183.2414465874829	493.2349779920686
11	85	240	111	265.0007017771629	740.9867727146999
11	86	192	81	190.9907322200584	525.7848112567377
11	87	336	151	350.81049492786934	928.3430824418753
11	88	192	84	205.5289299967443	560.6293758367169
11	89	240	114	280.9234273584115	805.3212855454613
11	90	144	57	119.58930786745665	305.59489113300083
11	92	240	114	261.36914905556284	708.5942714888854
11	93	192	96	230.97459284742757	620.2061625118085
11	94	240	105	242.1147593834478	664.7001517970295
11	95	96	45	110.22594675908809	305.61271506612525
11	96	192	89	211.21354340022287	571.1897465432882
11	97	144	65	163.91148333256416	469.0448069834764
11	98	144	71	165.84306262600467	449.0131522769117
11	99	240	120	296.20224857914604	852.235306220751
11	100	48	28	71.42953587076347	207.03357961648186
11	101	96	49	124.66848477023193	353.01113095785183
11	102	144	69	177.42774871744655	517.702742539597
11	103	192	87	223.72324643112668	667.2506200831886
11	104	96	55	128.86766049678096	355.06032781038255
11	105	144	70	160.87906320030083	425.4555020932652
11	106	144	72	162.04094489816114	443.8835686894598
11	107	48	24	52.945030588213356	138.23803862365418
11	108	144	66	155.037858531921	425.64192562317373
11	109	48	28	65.87759432819728	176.94034588175884
11	110	96	46	103.21724954561256	271.51558960897836
11	111	96	43	109.16379891285217	305.72855290801647
11	112	96	55	140.51151869468038	396.9446863343712
11	113	192	98	226.5585351269223	609.9454306782192
11	114	336	161	412.9376547578925	1195.7945027623139
11	115	144	69	178.5665609023254	503.14059418638976
11	116	48	27	73.58279059540189	217.6060714467014
11	117	48	22	47.809635435139306	121.73203437624656
11	118	288	149	365.84310902429377	1018.960074016323
11	119	240	107	267.35359789408886	756.0308433676829
11	120	144	73	178.11031348971255	475.972153010093
11	121	192	92	230.32821372568893	647.915078839459
11	122	144	68	155.07984748289635	422.0304325043378
11	123	48	32	76.7772273903909	207.97124685245862
11	124	96	45	103.097262051905	274.1284691653017
11	125	240	122	308.2700738306993	897.2166274730273
11	126	144	77	193.6290169663557	549.90864178695
11	127	48	28	73.76829773508076	216.0646647367684
11	129	96	62	148.64006309315937	391.27484712701266
11	130	96	48	127.13866465493484	361.9021828910683
11	131	192	108	279.0498308892362	804.2922366246511
11	132	96	48	119.67643899584365	332.91477330233386
11	134	336	176	428.8623903238463	1199.4814733892358
11	135	48	24	64.86998518466345	186.0207877384732
11	136	96	49	134.4513680236884	406.28029768865724
11	137	96	52	125.48058734567897	360.8991095554335
11	138	96	48	124.34589129867953	360.4676368124883
11	139	144	68	163.85963442448158	444.51335648659426
11	140	192	94	241.74253243001573	694.1604165916722
11	141	48	23	45.64734777632623	114.74494627603602
11	142	96	54	141.5793015901043	405.72120772414985
11	143	48	27	69.69228636509905	203.5221063095874
11	144	96	60	146.49204537101036	412.07773228131
11	145	144	79	200.89977300503818	565.4235041538979
11	148	48	29	74.90027997337852	213.45107014738636
11	149	48	24	59.88379669038463	164.64007496638405
11	150	96	59	153.5547925890571	441.9101433850771
11	151	48	27	58.784156226115456	151.77267602698686
11	152	240	130	331.59488238575716	976.1705406750336
11	154	96	55	141.29394623139206	403.96485156909125
11	155	48	23	60.8473855528551	179.69932998349677
11	158	48	31	80.72396073127382	229.21290215540574
11	159	96	52	127.83251249673904	365.21123400554393
11	160	96	54	134.23438953838712	367.67562396242795
11	162	48	30	76.6870744948211	210.2789571217943
11	164	96	57	150.0821192254864	450.2810418361248
11	166	48	27	72.981127013845	218.0903765407225
11	167	96	63	151.00758183231565	416.1590212410935
11	168	96	53	139.78919767128636	418.1022987924508
11	169	48	31	67.71606842623112	176.31864937837545
11	170	96	51	136.12610516836494	412.4667360663528
11	171	48	27	70.72953486532124	204.7307409979783
11	172	48	26	64.3636101709623	169.74528503011038
11	174	144	91	248.55880872922873	750.2132028277001
11	175	96	59	143.87618514023222	407.4442633502482
11	176	96	56	150.9096222616553	445.3320204373847
11	177	48	29	70.61480140416997	194.49379492012227
11	178	48	30	74.06601750006001	207.08293207372998
11	180	48	28	70.16327681207027	191.5635213991618
11	181	48	27	72.6249955606643	211.54486829892392
11	182	48	30	78.30212247524294	231.11345042844954
11	184	48	30	78.56352215497569	228.86952781860668
11	185	96	60	149.44774978680636	429.22766580176415
11	186	96	56	143.9695645458609	423.0933960290619
11	187	96	59	145.11040397051505	411.1225791555555
11	188	96	59	137.6401193636861	377.91339725328027
11	189	48	23	57.241316517918804	162.40613976148387
11	191	48	25	60.90686362252514	175.80918876667968
11	192	48	24	59.31244681372306	160.08617854743352
11	193	48	24	62.00422473056388	178.46757389312114
11	194	96	56	151.7565724723882	464.25682538792535
11	195	96	55	139.97780040059592	412.94221659252884
11	199	48	23	57.32514474161516	165.2870258579399
11	200	192	107	276.0106099593163	797.8661350469954
11	202	48	27	71.11236850823305	204.05449775298115
11	204	96	58	153.39741463887054	458.38578239495314
11	206	48	31	78.11437522723193	218.97406561838426
11	209	48	29	78.84602807530834	236.1743143366959
11	212	48	30	78.99084443796428	229.09726574138926
11	213	96	62	166.98401566836378	493.0552262372879
11	214	48	30	75.44621403181625	207.89607999217557
11	216	48	28	74.07957027372053	220.20314135738374
11	217	48	33	81.5541296525952	226.94839639495325
11	219	48	26	64.97365782885807	179.8187801473543
11	221	48	30	75.4783426697613	215.34523615740426
11	223	48	35	92.49371029101584	278.94920251235055
11	224	96	61	159.90774991065194	464.3440253750306
11	225	48	32	87.21305207332787	257.61793790393114
11	227	48	31	76.2068993489159	217.4717282053554
11	228	144	87	228.0701019082043	667.1874143637333
11	230	48	31	81.91113662418357	251.16828284101342
11	233	48	27	76.85106291845649	243.32378677457191
11	234	96	62	158.45074228624605	460.9436839248525
11	238	48	28	73.85437049113074	220.36371131671746
11	240	144	90	248.41628375053733	773.0641526310683
11	243	48	28	76.78715912953993	227.3330807077377
11	245	48	26	73.4258469729926	224.58997011823922
11	246	48	29	79.36941143020289	242.50150069304308
11	248	96	56	150.96475547866547	448.97896795880104
11	252	48	27	75.56322035467491	234.54709585126392
11	253	48	32	82.03072976104065	233.88967731237057
11	256	48	26	75.41581029119266	231.09601083294143
11	261	96	70	182.66542066177738	538.5469988769721
11	263	48	28	74.26719978999425	221.8556582130069
11	265	48	28	73.87410218226904	218.4123377913376
11	266	48	32	84.28162312284911	241.90304985983454
11	269	48	32	85.67718746654614	253.71410653738394
11	270	48	29	78.92579256059622	235.94362941416037
11	272	48	30	82.55762434723749	254.11777958855419
11	273	48	30	74.86020147595184	225.94139003421918
11	275	48	32	87.15758890185563	269.3413988655444
11	277	144	90	249.50940784295855	772.5721570182435
11	278	48	34	92.4674607805766	271.7631703667645
11	280	48	30	83.94639570098556	258.39045448094384
11	282	48	31	91.68367226061557	297.14588491833524
11	283	48	30	75.7318302862266	215.3602417250421
11	284	96	62	151.33542467914384	430.90693774740976
11	286	96	67	169.35127449347988	489.81527009672163
11	287	96	62	152.7299641837848	424.61404673910204
11	292	48	34	95.21506235123383	298.7970160843503
11	294	48	33	90.16554666538374	267.2805455017203
11	297	48	30	82.85795915026148	254.56296981945414
11	298	48	29	78.47172803321774	233.15753480331432
11	300	48	32	83.25825096301308	245.75223158443262
11	302	48	31	77.01651173901729	220.87772549540466
11	310	48	36	94.06381135093443	273.3799819304242
11	315	48	30	76.53200707394967	226.83779623150537
11	316	48	33	86.71962899733671	251.1160291530308
11	317	96	60	166.70833673963017	504.5107926907807
11	319	96	70	193.31969018310738	600.1623924216294
11	320	48	34	90.71238530186677	280.9088275100015
11	322	48	29	83.08535007552908	262.1117693593339
11	323	48	30	77.80320958785651	223.74140659958678
11	324	48	31	79.51447258838144	229.54558405941566
11	325	48	35	90.06246378410248	256.11370197542794
11	332	48	32	86.4907029287637	262.06989806613046
11	340	48	36	90.15520407894357	255.78906833924503
11	345	48	34	96.5447939185907	303.1687419887884
11	346	48	32	85.29320283836127	250.66049385550983
11	348	96	61	167.679302713094	515.1401854654871
11	358	48	34	87.68653273912264	262.1635089476215
11	360	48	38	98.59566326982446	302.0310298343461
11	361	48	34	86.29187923828796	262.5145566833441
11	363	48	29	83.13500649544073	257.5737955791777
11	365	48	35	86.53124418889587	258.03901854706817
11	370	48	33	89.23752158874217	269.8952074021524
11	374	48	34	83.30875370437006	240.33089408719928
11	377	96	70	195.1502376875282	617.1519640097652
11	384	48	32	94.40648388703718	302.3886124879075
11	386	48	38	101.8564998101726	312.0470676943357
11	387	48	34	93.55289806392732	301.72163133482604
11	391	48	34	90.30397127217643	269.5071348696321
11	393	48	35	93.90592822904134	277.91289552655877
11	396	48	33	88.35214914174259	260.8391418916817
11	406	48	38	106.36776155897854	336.78895125405245
11	409	48	34	90.68443167901708	284.25874845507235
11	414	48	33	97.27236035632313	325.5964410305452
11	416	48	36	94.8279471450432	289.67969518876373
11	419	48	35	104.42719524901091	343.51314910626877
11	422	48	34	91.86070531811316	276.6783962690319
11	429	48	38	100.02580667676638	311.0398446724241
11	431	48	37	101.17681046668125	306.77263558063044
11	432	48	38	104.41351539757792	327.32481984788365
11	433	48	34	96.76931840826869	306.2758161704852
11	440	48	38	96.47503641647347	278.58100933394087
11	443	48	35	96.64488466378245	297.11780491253717
11	447	48	34	105.13969026105156	349.94070807227183
11	451	48	36	98.27050491043974	306.9030362404162
11	453	48	38	103.16832651556024	313.36175719500676
11	461	144	104	282.77482248126887	870.9056102861882
11	463	48	39	105.74231785917439	335.62844666232456
11	465	48	38	108.58074044621125	342.9920464626367
11	468	48	33	84.67038970847182	248.2197091267367
11	474	48	33	89.04163135323516	266.35741080068306
11	481	48	38	108.9089212462568	342.0581841529206
11	486	96	73	212.43920517011423	689.245537720687
11	490	48	32	95.19792978210799	318.4566414406911
11	496	48	28	86.10981573527334	279.7652671168089
11	498	48	36	98.08549210228699	307.3053063354658
11	499	48	35	97.51961283608401	300.39760568714445
11	501	48	35	98.39515526376275	317.07361107403915
11	504	48	36	101.99496042910175	333.39416224270497
11	507	48	35	100.58876722790657	327.3270514997108
11	516	48	32	95.58261731838947	317.43995437188937
11	529	48	39	114.3292964309278	377.61884923829143
11	546	48	37	103.94922670574374	337.5120695854805
11	551	48	31	93.93412257245325	310.86264400775667
11	556	48	38	103.32256532004726	309.5935017358855
11	561	48	36	96.68185169088403	302.98934646085
11	563	48	38	101.82436148606814	308.46925871278097
11	570	48	35	100.75716544141453	335.4142844254067
11	579	48	40	105.73950349789534	319.5914041042619
11	584	48	39	116.45690319278287	389.10713068373923
11	585	48	36	98.90720157829574	308.18653779868475
11	591	96	77	215.27307820912685	697.068047262117
11	619	48	39	106.65421069267737	338.6125625266838
11	625	48	36	101.67256190141454	324.74858437281296
11	648	48	36	103.52116813175485	339.53469766034465
11	652	96	76	222.53587909859243	735.1731067029016
11	712	48	40	108.56812133782316	353.0284378506004
11	736	48	35	100.72554535272197	323.87591926417224
11	749	48	39	109.07247005914448	362.3298085763816
11	781	48	36	112.14686340869176	385.6856281697274
11	815	48	40	122.02917162291973	419.16963581539073
11	856	48	37	117.10877289602101	419.8276225081363
11	865	48	36	109.12625332229146	367.8463099451818
11	866	48	40	119.70689869117248	409.13797001219984
11	872	48	40	120.78137398101805	417.4423368261115
11	932	48	40	122.39471850621815	425.00082869262235
12	0	1221	0	0.0	0.0
12	1	63751	561	2138.6176785865546	8890.977915932353
12	2	28453	447	1606.1599343769558	6358.046451178506
12	3	17279	410	1342.6935292468843	4855.448064929222
12	4	11951	340	1071.9107536273464	3810.4394031708057
12	5	9028	355	1072.75899027086	3606.4657251259596
12	6	5994	271	825.8148482501974	2887.3779248268715
12	7	5328	296	863.1195202788762	2929.9092609243844
12	8	4255	277	850.4051745998156	2971.55281821215
12	9	4181	268	777.6289045178061	2577.2528047695787
12	10	3737	287	785.1697560494803	2480.352215889181
12	11	3108	234	677.3771660673366	2224.517981728944
12	12	2553	176	514.2453917104049	1728.790563077117
12	13	1887	167	470.62657339251416	1523.8643997225
12	14	1961	188	534.4824801776906	1754.5191210852838
12	15	1813	180	492.6400424058254	1552.267207199917
12	16	1739	188	498.50030238039955	1509.7851455719515
12	17	925	116	320.8908888700508	1020.9783038929615
12	18	1591	213	560.0526113678953	1715.7846471998855
12	19	1258	120	325.1214123224687	1020.6835727972973
12	20	1480	190	493.3328916563722	1481.37862094879
12	21	1369	178	458.29864495870555	1360.6498529707164
12	22	999	141	391.41799667672876	1259.2056466435372
12	23	740	113	307.3468024811431	941.9930817313142
12	24	703	113	283.9793128875805	837.4150610343272
12	25	1036	158	407.02452602500296	1224.152296092465
12	26	925	138	335.0491346386806	956.4565089346697
12	27	666	101	269.90221799274747	853.7813071281469
12	28	925	168	397.4381479262064	1115.1875440673805
12	29	555	95	249.4051539460339	749.9348584779887
12	30	740	141	375.3515678115683	1134.4608026329163
12	31	407	69	180.3653093854312	541.2130674809919
12	32	555	102	267.5999425045689	839.7900006926911
12	33	666	114	279.6448060523243	814.3895447926101
12	34	444	82	207.8356756903455	617.7775814231775
12	35	296	38	98.61054247207066	304.4003277792837
12	36	518	103	283.8254288003781	887.0901472217828
12	37	481	94	256.4392577933821	802.3331581204748
12	38	333	68	175.09551371115754	520.5739169204248
12	39	666	132	344.62020150656326	1056.2732601739256
12	40	444	84	230.55758680409068	727.6294700636565
12	41	296	61	159.81209709622968	506.394068244374
12	42	333	70	172.9567732875033	492.1895278526207
12	43	333	74	184.6349640348746	541.1352083762675
12	44	407	95	251.31728757955608	777.5435482978808
12	45	296	64	163.8949217687355	485.1611665890831
12	46	407	91	236.8117692921383	714.3312156176835
12	47	333	87	240.7841665569434	765.6996062166849
12	48	222	48	118.71156904604037	349.09510690886907
12	49	222	66	172.69498836419314	534.0841745424277
12	50	111	29	76.40085217849469	234.2378804647276
12	51	370	85	209.8537253056104	618.0484613275048
12	52	481	119	300.4613856329608	874.467860383889
12	53	370	103	284.4964508366969	882.5848509542332
12	54	370	90	242.7333429178597	760.5941717141443
12	55	370	89	246.98463776643518	773.8280567031858
12	56	222	56	137.13049016458692	398.94116110980974
12	57	259	59	156.72273178589532	499.782367332218
12	58	259	66	162.09617508911668	465.9584281491013
12	59	111	40	107.85344102571064	329.11512318425264
12	60	259	62	165.8841414664275	524.4387382715018
12	61	37	8	18.698340068318863	55.4565120066439
12	62	111	32	75.20764692816819	215.66988882635988
12	63	111	31	76.87711193447831	227.74914273854438
12	64	444	118	314.0733290949512	953.5125923498024
12	65	259	71	179.4179981480567	526.5933972339944
12	66	222	60	165.2484244726868	520.3307515493764
12	67	148	42	102.1548735468435	288.04095276670523
12	68	296	100	279.60023033441456	874.8387997038271
12	69	222	57	151.6016988007911	461.73549498271984
12	70	148	52	133.34899471218606	413.3140681723334
12	71	111	32	70.83858341227429	193.66076457851457
12	72	259	64	170.40794658701193	535.8985539375592
12	73	185	50	135.97374151182095	425.16689013529606
12	74	111	36	100.40682209036294	326.5408590899993
12	75	185	47	126.46611559325376	385.6034990495713
12	76	148	38	100.15841588232055	301.25025367173066
12	77	185	56	156.10660563344476	487.61938325649703
12	78	259	60	158.24057258830288	488.3087211683742
12	79	185	59	151.727370125632	440.8251465453918
12	81	111	31	93.34581315767586	309.5208667436639
12	82	222	58	158.9317992944102	482.4397138348004
12	83	222	75	198.9745807757032	602.0696047928263
12	84	148	40	109.48647851575147	334.8315307295776
12	85	185	68	188.10227588560613	596.8880243710923
12	86	148	45	118.45479558359578	358.44256962159994
12	87	259	83	235.97310834839743	754.2701663174854
12	88	148	41	120.3769829875571	392.2666759083164
12	89	185	58	159.6732610736601	490.53706925878555
12	90	111	33	83.63397815213992	254.11126939483344
12	92	185	57	146.17321459921658	443.69721186102265
12	93	148	46	126.24369267016945	377.20341389577976
12	94	185	53	149.31270576923788	471.91517601562146
12	95	74	24	71.17168125754255	232.63085025892315
12	96	148	41	113.18759773628886	357.28992637947476
12	97	111	29	89.3572101972124	299.71375590612894
12	98	111	35	89.41050600477402	252.71729396179583
12	99	185	57	147.89026572772096	441.3873152322887
12	100	37	13	36.28431097531196	111.12659502173582
12	101	74	30	87.7119444320148	283.0429322324501
12	102	111	38	111.96837825743192	371.84692444347195
12	103	148	40	113.53291578491402	354.6726798006448
12	104	74	34	83.26708321008542	230.73626580899088
12	105	111	39	106.85703184451	331.9122855371756
12	106	111	35	99.01773461995047	318.64227892850664
12	107	37	15	31.742776883753077	85.69552535974073
12	108	111	33	93.44650001936706	286.78515590246326
12	109	37	9	22.420362964016697	69.38952444170361
12	110	74	26	70.9843557303422	217.18254129079145
12	111	74	29	83.25206263703399	262.78991558761817
12	112	74	25	65.81930698697411	201.90171513890695
12	113	148	44	115.3800312139727	355.39830741145977
12	114	259	87	237.91479679231742	725.7554451112112
12	115	111	32	88.22619145750568	262.8256245118822
12	116	37	16	45.75672351951616	136.10675990155178
12	117	37	14	45.99427419780716	161.61410789040556
12	118	222	87	233.96065766985197	712.0341346818491
12	119	185	58	161.54382232204836	518.7031328394237
12	120	111	36	100.72748823894258	302.30913402750326
12	121	148	48	136.71138922648248	439.80773331888014
12	122	111	35	91.06413463161462	277.18293377737115
12	123	37	14	36.650964710543434	106.59900214588299
12	124	74	30	72.54574931207239	216.69403676434467
12	125	185	60	165.13751357074557	513.072954681573
12	126	111	42	118.88160617463363	372.5106653630262
12	127	37	16	41.992115397573286	126.22329232217366
12	129	74	29	77.89567049775627	228.21349368212182
12	130	74	29	79.26200614264218	239.83132727848175
12	131	148	58	165.82420158090486	520.6527569013881
12	132	74	23	71.64036721934106	239.58039652560632
12	134	259	93	255.81465429864113	788.8254043498525
12	135	37	12	35.89090446547908	114.48842699237873
12	136	74	31	83.32996391172736	254.2032558201323
12	137	74	24	64.05092961062287	194.90858726123946
12	138	74	31	87.05188114544461	272.35753804986945
12	139	111	42	117.1368877777351	367.78045212520516
12	140	148	50	135.56064863771735	410.9864653785176
12	141	37	11	30.553495105202078	98.60317934011958
12	142	74	26	79.86317753428784	281.67483698339254
12	143	37	15	44.67980782938306	144.30775851665686
12	144	74	29	77.11797567995373	238.40424162776503
12	145	111	43	125.46590772977189	411.23395225599677
12	148	37	13	35.23165307786833	116.05008286682768
12	149	37	8	24.757396364477483	82.98545293828066
12	150	74	28	77.7404880638808	238.14703628506211
12	151	37	13	37.35907414727584	120.95210961582106
12	152	185	71	197.14532408028998	629.0599610557115
12	154	74	26	73.35227166858357	228.0393922374318
12	155	37	12	35.955076570877594	125.21165262614053
12	158	37	19	58.30265332500955	194.27336297523877
12	159	74	31	80.76733093065721	247.35302823172685
12	160	74	31	83.96136994577274	245.96815953475425
12	162	37	19	58.28034674068773	196.5719519620234
12	164	74	29	88.68848673587797	295.5797937490383
12	166	37	16	45.24595569375996	140.66605127363732
12	167	74	31	72.45172819929726	204.72442943240384
12	168	74	26	77.00177318474508	255.88204669581467
12	169	37	14	39.27945276087649	126.77432832033257
12	170	74	32	87.9361389820081	280.6845825502314
12	171	37	15	45.379619108228184	147.30981600320564
12	172	37	18	52.28148700782715	164.61718214511754
12	174	111	42	127.78574557271234	423.0477560979737
12	175	74	34	85.58458431503742	255.71201180505213
12	176	74	33	98.66695748584976	329.6865799611345
12	177	37	16	42.253251044673895	127.015446595632
12	178	37	17	43.92544462636756	128.0913822597831
12	180	37	14	41.09325386518984	132.3307054383067
12	181	37	15	43.088884156329236	135.7954086873769
12	182	37	11	31.913167164994043	101.46576373358117
12	184	37	18	52.069768695548696	169.94237245156893
12	185	74	30	81.02979695635591	251.74935715409427
12	186	74	27	73.26566348401204	228.06012688037538
12	187	74	34	89.55080183321792	278.40262255071025
12	188	74	28	81.90315449727308	272.2212394658944
12	189	37	12	35.37794257855607	114.31431219190748
12	191	37	16	49.40937531817448	171.72795064642506
12	192	37	13	38.52473597291598	126.56594213953241
12	193	37	12	38.04200807950999	126.32954332339894
12	194	74	27	81.90079192709092	276.33295146441554
12	195	74	33	91.87965255955893	293.1910824899178
12	199	37	17	42.07598518308138	123.92233502755629
12	200	148	56	166.20990848477814	546.032814653915
12	202	37	16	42.479726303277246	127.82416113690752
12	204	74	34	86.16315153003333	245.76661409423622
12	206	37	19	53.63386875892675	173.44797856581798
12	209	37	15	41.79153597685324	131.81734282564497
12	212	37	20	53.20145957343493	158.61037630827508
12	213	74	31	88.15722482588076	276.1288362284686
12	214	37	17	53.19138985618131	178.04525869520998
12	216	37	16	42.240404226113235	124.87169296494685
12	217	37	16	44.30377679397712	133.82138340252322
12	219	37	16	49.41653317742112	167.46457223060634
12	221	37	19	45.89684644808235	133.51556425727944
12	223	37	18	51.4089704999666	174.0932811594516
12	224	74	38	103.76737655434223	328.4044362582365
12	225	37	18	52.211380458652414	165.898208778973
12	227	37	16	46.33285402855676	148.60786844115904
12	228	111	56	154.64315011756796	486.25053383589557
12	230	37	16	44.31032781023125	141.64736824031286
12	233	37	15	49.8281744852879	173.8973232281404
12	234	74	38	108.84989687199686	345.84901933273926
12	238	37	14	42.31723215541488	139.16584183229187
12	240	111	52	148.30722678728702	483.0213851977565
12	243	37	15	45.50779401933123	152.79846345855094
12	245	37	14	38.73512952763118	124.99385804580508
12	246	37	16	52.45424380588468	184.08043049447835
12	248	74	33	99.39142641524815	335.8336386931161
12	252	37	17	50.37449634623604	163.19881787021467
12	253	37	19	54.93270177834952	171.53459941827595
12	256	37	15	45.72863097210201	153.3486375756675
12	261	74	40	111.2558268978562	360.76255746857663
12	263	37	17	44.22292084884972	135.35373580794723
12	265	37	17	48.38654461007087	153.6112789944073
12	266	37	19	50.39864748480045	151.402432438287
12	269	37	17	49.47623185119834	159.81813145414523
12	270	37	18	48.62471520318728	145.86413359993404
12	272	37	16	47.01594021797551	156.84999918086925
12	273	37	20	46.742242900398736	136.04252557838427
12	275	37	20	57.781104585298664	181.1803727917049
12	277	111	53	154.09384364826195	503.8196228096888
12	278	37	20	56.16078802268816	177.48128520195635
12	280	37	16	48.885089006665616	165.4891901002818
12	282	37	19	50.556565202062494	147.92815578427127
12	283	37	19	54.05175272116199	175.22452430888455
12	284	74	38	99.60148584590152	300.1051459938724
12	286	74	36	101.85720843419887	339.2142829656496
12	287	74	30	93.46698704261736	317.54300919646096
12	292	37	16	49.57018706603261	168.71910921089025
12	294	37	17	53.820264931307165	188.31679322797038
12	297	37	16	52.85065415314778	186.61893913520993
12	298	37	14	43.25841476166576	152.7634444079041
12	300	37	14	38.86406042440604	123.53089298744565
12	302	37	21	55.8862663384213	184.5297681487883
12	310	37	16	49.50665755971165	162.2880196098197
12	315	37	19	51.993930514029394	168.8688321170595
12	316	37	16	49.5229712557311	166.6719767707996
12	317	74	34	100.32033485999759	329.19839856928246
12	319	74	45	125.25342267054211	408.3412796779306
12	320	37	20	51.33063922735082	155.66226600148843
12	322	37	17	49.6043071343684	161.53145234700875
12	323	37	14	39.860596549538265	132.54441349776857
12	324	37	18	50.191026294676824	158.90521736479798
12	325	37	18	53.970024045056356	175.71474064983536
12	332	37	18	52.39133004494825	173.3496808482061
12	340	37	16	44.23991827359206	140.3596856846686
12	345	37	20	55.20269436519897	169.45764366134253
12	346	37	19	53.87090475756278	170.41726635236913
12	348	74	38	109.37750514761855	351.217900020298
12	358	37	22	59.04645813679335	182.20072596285226
12	360	37	20	56.96706337575237	193.66501773852426
12	361	37	22	58.31644148677661	189.29801284098846
12	363	37	20	62.05363489146363	211.00808303661185
12	365	37	22	55.769569552785455	177.5569002944883
12	370	37	21	58.63782944266521	185.34109419675127
12	374	37	21	55.83898188672866	182.39251023868306
12	377	74	48	138.82813360843727	448.25720998853285
12	384	37	22	69.63706390543794	239.02297216780403
12	386	37	22	57.14455832678796	170.68260509942166
12	387	37	22	66.11740903146406	224.6959255255178
12	391	37	22	60.76283948159992	189.9952172709166
12	393	37	20	63.707040552045655	220.57266660393316
12	396	37	22	58.81259660367631	182.59152778681107
12	406	37	21	56.65395545358143	187.35436513036808
12	409	37	21	63.76098564125181	217.66443534344796
12	414	37	18	53.56700504593269	180.2132818630024
12	416	37	21	58.5321120058496	197.24077242883828
12	419	37	19	53.53918983089849	173.4419184762392
12	422	37	20	61.04819194061213	203.5620950324929
12	429	37	21	56.69726871771446	188.94888568238522
12	431	37	22	63.2855606810753	201.2489047139296
12	432	37	22	61.58860184139426	196.87991894361477
12	433	37	20	62.305706609703634	210.39466766012075
12	440	37	23	65.55453859996395	210.10180890698163
12	443	37	21	59.51516811141837	193.04424817974092
12	447	37	19	58.85290983805507	201.817653374037
12	451	37	22	61.180341276143906	193.344469378651
12	453	37	22	64.21397217313198	214.263473027795
12	461	111	69	198.47541065056618	642.0940649924356
12	463	37	23	64.92077429154386	222.13648236913485
12	465	37	24	69.94810054412635	235.08164997066586
12	468	37	21	58.96708280496196	199.72604930515408
12	474	37	19	57.7332218251092	192.01160781153555
12	481	37	22	62.8126419061096	202.561142002485
12	486	74	45	138.1028329371569	458.69293602389234
12	490	37	22	67.21918100334271	223.56286225345153
12	496	37	18	59.16691114486227	207.65109187993346
12	498	37	22	67.8403439990652	234.90835086437605
12	499	37	23	66.87707278184924	214.7699608602665
12	501	37	22	59.851874417232	197.69031707235354
12	504	37	24	68.63362496339049	237.5033625214774
12	507	37	23	65.95145133991421	227.34495290734063
12	516	37	23	66.44409301317468	215.4944494517428
12	529	37	20	59.04411473412634	202.96924593742003
12	546	37	24	64.86558017848179	211.06476785202702
12	551	37	18	59.703275237903874	210.6951525707767
12	556	37	21	60.74099110920069	204.9250879753574
12	561	37	24	64.51738961238303	213.87693783515232
12	563	37	25	74.98817267165603	253.96834728348898
12	570	37	23	68.03425455353488	236.24046023825528
12	579	37	25	69.27540729485871	223.48586231535086
12	584	37	23	70.99716233084649	250.04283733388283
12	585	37	22	66.74604938377601	230.75183920455584
12	591	74	48	135.35518466347816	450.3274682973454
12	619	37	23	65.67213722882086	232.87077030879942
12	625	37	21	68.69697678810414	245.66042291957
12	648	37	25	73.69164883797706	241.51772034164975
12	652	74	46	138.99781126904122	475.04121711159536
12	712	37	24	68.6266949822945	235.71501018242876
12	736	37	20	64.71237746746922	229.50224522793948
12	749	37	25	74.97516591148685	256.43981999818595
12	781	37	25	72.76764746385386	247.72848611607154
12	815	37	25	77.04854133453732	269.8867871461321
12	856	37	23	67.90023580758519	245.20921096670614
12	865	37	24	74.39903632149776	262.9408025177866
12	866	37	25	76.40519536167984	267.0888732620163
12	872	37	25	74.51393641300818	253.6751766056966
12	932	37	25	75.40326268688672	261.00257263561184
13	0	660	0	0.0	0.0
13	1	34460	755	2163.8683398256344	7419.989554219414
13	2	15380	567	1432.9844678079521	4482.7600570814375
13	3	9340	504	1230.6378127026555	3707.205799635986
13	4	6460	452	971.1245771791064	2703.7494336228992
13	5	4880	440	994.0728869070156	2865.1843673959575
13	6	3240	313	664.586031663433	1843.0779975001246
13	7	2880	364	751.5526856345089	2049.4566462463813
13	8	2300	299	649.2083773228894	1770.6660156784333
13	9	2260	302	602.4578165084391	1554.3348959028724
13	10	2020	353	709.9933411648997	1884.998417667598
13	11	1680	264	577.18522266889	1597.636343349771
13	12	1380	245	481.401821816979	1286.3279767021136
13	13	1020	177	346.89879319535726	891.6868485969186
13	14	1060	211	460.82338736040003	1250.1492137224557
13	15	980	195	400.0860061152508	1055.159860085108
13	16	940	224	458.31082911692135	1193.814956934304
13	17	500	123	257.36121953489885	666.6758721739338
13	18	860	226	436.82839660744094	1088.0934845021384
13	19	680	163	310.2848796186879	809.1373319538684
13	20	800	203	404.81563992643316	1049.0620562951312
13	21	740	194	411.6139309628076	1114.6511830340542
13	22	540	137	294.76931801670213	779.9876606384828
13	23	400	110	234.02813667320976	601.9925980893631
13	24	380	104	210.03974526778063	536.0199965315419
13	25	560	151	322.7285811178091	862.1537199072366
13	26	500	152	301.31353622635754	749.4867918249317
13	27	360	105	206.60607035475707	527.0301120889887
13	28	500	171	336.3181509534812	821.0868539651103
13	29	300	85	191.14071084715158	509.36376040915997
13	30	400	139	302.701504381881	816.7023741387791
13	31	220	70	147.26664725031958	390.13241572055483
13	32	300	94	176.38268842626312	429.34928356214675
13	33	360	117	236.86292976441226	614.0918863187335
13	34	240	74	172.57442117352088	459.27194837345354
13	35	160	37	66.46322059491585	153.06012564617626
13	36	280	101	228.10540116745858	625.6530258582081
13	37	260	96	210.91176559595954	558.8819971263797
13	38	180	56	109.52982265359086	259.67300797356177
13	39	360	125	272.15107264568576	734.1773321647182
13	40	240	79	169.99427698407845	462.30142351460324
13	41	160	57	121.78145683559924	331.00153041290565
13	42	180	59	122.12784034136908	302.2940871431016
13	43	180	64	135.04369259684552	336.9203019968701
13	44	220	83	176.09182393237882	451.40955439830805
13	45	160	57	127.32072518288666	346.4064958289663
13	46	220	76	163.00833376904515	427.1859251195792
13	47	180	69	163.85723446262102	436.60995804705607
13	48	120	45	92.55023020806834	234.51184804924907
13	49	120	49	106.14323424413357	269.9382356412949
13	50	60	22	44.646453378394696	104.64091958388732
13	51	200	79	179.24393829682577	481.3963814932601
13	52	260	96	209.8473808940577	551.4777611799855
13	53	200	79	191.64720970383712	526.8100509587196
13	54	200	77	171.6461682753999	472.92961081108444
13	55	200	80	185.9313363683853	502.4152923735313
13	56	120	40	84.47723378652171	211.21978263008992
13	57	140	61	132.29339692364758	342.60374582978864
13	58	140	51	124.51701884205303	347.3294019416392
13	59	60	29	72.29119001069826	201.98798588370042
13	60	140	56	130.73650438990074	353.76307238473885
13	61	20	8	14.821740438101704	39.04191108652612
13	62	60	27	67.41773023074472	189.1080214131744
13	63	60	20	44.89229119559526	115.16122930105988
13	64	240	96	218.68811886684176	583.2599792030702
13	65	140	56	138.45323186731036	388.3681390716727
13	66	120	46	101.58001073657687	250.0995294491149
13	67	80	31	66.08419667504519	165.63223968447056
13	68	160	73	176.38189716679395	477.71207766351216
13	69	120	48	108.81780789065269	276.66170230612016
13	70	80	35	86.88615246360834	240.66838277412018
13	71	60	25	56.057694170051704	150.08505576876593
13	72	140	56	123.50662310785415	327.0262580640159
13	73	100	42	95.05280023115462	253.85171902074066
13	74	60	28	70.91945129376936	204.40841915992013
13	75	100	34	80.62646049717299	214.7362962611853
13	76	80	33	82.74107145312863	250.39495645981464
13	77	100	41	96.53614009266416	258.9930030291698
13	78	140	56	127.65317303100744	348.1233895934275
13	79	100	46	114.40514814419008	335.0790317459546
13	81	60	29	71.18499141018391	195.46110345759558
13	82	120	54	131.6401458954983	362.2880662809383
13	83	120	48	117.23128863605493	327.67687633185176
13	84	80	30	70.15382932278692	177.13907536677237
13	85	100	44	109.21371313206741	302.4896376118589
13	86	80	33	82.21542748270022	226.88350485496002
13	87	140	58	137.23950880894935	369.297051430274
13	88	80	40	106.24994694140922	301.8913906284573
13	89	100	43	111.59034167870908	326.70660938210466
13	90	60	24	47.68072264444496	109.9301176753343
13	92	100	43	98.64144727617628	258.14748022484446
13	93	80	33	90.91892120510502	273.3349114587521
13	94	100	47	108.3480315469939	295.4729421028116
13	95	40	19	44.000637555401184	111.76978073839298
13	96	80	35	83.56780609381194	233.66916288202964
13	97	60	30	76.25520571925912	213.68041063702125
13	98	60	25	62.51569554208239	174.32471055545855
13	99	100	43	105.99150145110112	280.61583442284734
13	100	20	10	28.607300694771936	87.3958192649658
13	101	40	20	52.993968995210125	150.97893847034408
13	102	60	26	64.37343357235618	181.81688248682343
13	103	80	34	80.13472457413532	210.45766619887624
13	104	40	17	47.82960602451479	141.95180014488352
13	105	60	27	65.76157742591269	179.21889461827286
13	106	60	26	66.13462999841535	183.07355866108156
13	107	20	8	20.7594503237752	59.96453057213262
13	108	60	29	72.63705411045949	196.4056814083645
13	109	20	7	16.330602247384938	42.44008394300274
13	110	40	20	45.4479768931936	116.90382025326116
13	111	40	18	47.11263007678356	131.80401882878306
13	112	40	19	44.52643035770137	114.96779364203508
13	113	80	35	84.24186094218497	223.2826754423772
13	114	140	66	159.78910396564655	427.50176678123523
13	115	60	27	67.89255824135236	189.38648912339625
13	116	20	10	27.316195789211992	78.9694404736384
13	117	20	8	19.639287785471154	52.828489123192
13	118	120	55	138.31051870214594	376.95216093825394
13	119	100	45	109.01734125764591	290.64562113815686
13	120	60	29	77.79203709258826	220.56009098142863
13	121	80	33	78.2960275571914	211.0161566943433
13	122	60	26	64.67425403524902	196.44859938467567
13	123	20	11	27.88463071540774	75.3720141700098
13	124	40	21	51.99149889625943	139.31951078975075
13	125	100	51	129.64098590199816	365.85982726238865
13	126	60	29	75.140278142833	209.2675453572797
13	127	20	11	26.35968659800535	68.97814663585487
13	129	40	21	56.806312876504215	164.56378587848093
13	130	40	17	44.7134590587857	134.25813182428453
13	131	80	38	104.71520675011674	308.3604006901974
13	132	40	21	53.37867490203303	148.29846961120592
13	134	140	71	179.6624462069999	489.7605207768231
13	135	20	11	29.95401668510461	83.18275408783624
13	136	40	22	55.900976086441375	159.98509990153474
13	137	40	18	48.38959156133867	141.87241688446338
13	138	40	19	42.701639168757794	107.68620799955163
13	139	60	27	67.63499264622301	190.2269679215295
13	140	80	39	100.20287270468472	285.0700846020432
13	141	20	10	26.470870618779276	76.35960981202007
13	142	40	20	54.96973722079497	164.844886116738
13	143	20	11	28.89878873018499	80.25101687009648
13	144	40	21	55.501515631596156	155.72693297641717
13	145	60	30	80.31953244371421	237.31178631389253
13	148	20	11	24.64380292834003	61.80584219048533
13	149	20	10	21.945877480176588	54.15817712431776
13	150	40	23	59.775617833644894	166.64130319620818
13	151	20	9	24.827478641575517	76.15600545955594
13	152	100	58	152.4722416090775	429.10648364279524
13	154	40	20	54.31335514595517	154.05185194273955
13	155	20	10	24.651796621136743	69.59030293360216
13	158	20	11	32.364121645956345	104.91606869436838
13	159	40	20	52.83917780990373	149.32944968149326
13	160	40	22	59.015598886075715	171.14885171076912
13	162	20	11	27.707141105668914	77.89689048951713
13	164	40	24	62.42698597217258	174.64894261676864
13	166	20	11	31.251377433255676	96.42677439125663
13	167	40	19	51.553811993688825	148.80411824480026
13	168	40	20	53.23261157549341	165.9900143589896
13	169	20	10	24.57888650012581	67.39918086675726
13	170	40	20	55.1086789285674	160.19067014538234
13	171	20	11	30.464648371910446	90.24338458159077
13	172	20	10	29.240506933411776	90.2464251669973
13	174	60	36	92.16205220432524	258.99789962100306
13	175	40	19	48.64908683829116	135.1897956655695
13	176	40	22	60.60602051495577	177.68242550851795
13	177	20	11	28.696294794936406	77.79318673271396
13	178	20	11	30.01597325422468	85.70517675889212
13	180	20	11	30.23339501426662	93.6675513783073
13	181	20	12	32.59793263707373	94.69125690247338
13	182	20	10	23.762421076267447	64.85148320942022
13	184	20	13	34.04114052810901	100.34887660413379
13	185	40	23	55.62751560825588	148.35565829711652
13	186	40	21	59.10851509894698	175.77672767853946
13	187	40	21	51.23285647381499	138.87534252876014
13	188	40	22	52.82888572500511	144.03499445319494
13	189	20	9	21.64995608586364	56.02044150941818
13	191	20	13	32.08442389891673	87.26693381187593
13	192	20	10	25.954966393737113	75.67703798797794
13	193	20	12	31.2047226411144	88.91482002165749
13	194	40	19	48.47733927840538	135.10849900128494
13	195	40	21	53.252160101238346	145.32803426823307
13	199	20	9	23.12642708980035	61.98561483515125
13	200	80	40	107.47103762345974	317.0702003129276
13	202	20	10	26.244147227417347	71.60661704546179
13	204	40	23	59.93532808633829	168.3853391107552
13	206	20	10	30.368472474877596	100.5697808364321
13	209	20	8	23.73326097057712	74.25104983570509
13	212	20	12	33.26903272729945	103.85282870396543
13	213	40	20	54.7221013876804	159.62403835991114
13	214	20	10	29.481638553816033	89.28485664247042
13	216	20	12	32.04735421856164	95.89441906129665
13	217	20	12	30.407699947956733	81.38238792928931
13	219	20	12	32.01855432919784	96.0717118323173
13	221	20	12	34.84366117871092	108.00693041604524
13	223	20	12	31.34887049520423	87.23662384108385
13	224	40	18	49.875709019082464	150.58899545987714
13	225	20	12	32.993226057093665	101.4057630119612
13	227	20	11	27.568399620796633	77.42794514734898
13	228	60	38	105.01747133268707	313.45265666790044
13	230	20	13	34.5844500208109	103.78754760997381
13	233	20	11	31.88418160472162	103.40826996152079
13	234	40	22	60.50845506601867	182.39736865364335
13	238	20	9	22.90352608416773	60.30622903904263
13	240	60	33	91.40038268154146	274.1886853204565
13	243	20	8	23.025644073575663	71.2906092001356
13	245	20	12	33.15892427954688	94.74978316806532
13	246	20	14	38.01612848403692	112.51034986761206
13	248	40	23	58.55412814390135	166.24602541964978
13	252	20	11	32.429891357751345	98.26179645580005
13	253	20	12	30.911279252384574	86.24233087422571
13	256	20	11	29.655575261136224	86.58411613746722
13	261	40	26	72.05299149942626	217.04062411079744
13	263	20	11	28.374534779772752	82.02816868844242
13	265	20	10	28.020668934993463	83.37932108910738
13	266	20	11	30.19129448675722	89.67324084460077
13	269	20	10	28.714833789710646	88.64658625815835
13	270	20	12	29.022288358070153	79.1843393187727
13	272	20	10	29.38717317492905	91.24333482193765
13	273	20	11	29.505686637867083	89.33083788973708
13	275	20	13	35.164158841526515	102.33859262975623
13	277	60	31	91.00387901678695	295.55889167570706
13	278	20	13	36.38712965647224	113.18755206559892
13	280	20	12	32.07463348673053	95.87086760246925
13	282	20	11	30.85302514026441	97.12401947509501
13	283	20	12	32.771178193628344	99.70108392527445
13	284	40	25	63.7805367541851	178.44832556053734
13	286	40	24	68.78103140192094	208.28037263998792
13	287	40	23	61.551247074507955	184.0833599434424
13	292	20	13	37.69244072058286	122.69841456081026
13	294	20	12	31.500173792367193	92.48635733144411
13	297	20	14	36.919164179026644	101.39755022430941
13	298	20	12	29.603503255237577	78.84429164268114
13	300	20	10	29.28711153116728	90.98336420956261
13	302	20	13	33.6813762715392	95.0126194523939
13	310	20	12	33.19015666309443	101.58590878038284
13	315	20	13	33.27113869971866	98.39070897871588
13	316	20	13	36.129179763286785	111.04790194392918
13	317	40	25	66.06298620493382	190.1675570728124
13	319	40	24	68.23898924175984	213.72057759750356
13	320	20	11	30.134621854463767	92.82785485673345
13	322	20	14	37.32211159618925	107.37391424351863
13	323	20	12	31.36076865900332	89.79552600562403
13	324	20	11	28.33593730871619	80.92938838760965
13	325	20	13	33.8087947439577	95.80797972681144
13	332	20	13	33.26500862850776	92.7560334142334
13	340	20	11	32.399303852501674	102.71391530358308
13	345	20	12	32.77483206112291	95.7999506727432
13	346	20	10	28.623303145987887	85.87391820375093
13	348	40	23	63.3081644630433	191.02781560465013
13	358	20	10	27.023163871038655	76.05437407412343
13	360	20	13	38.25567219514435	120.90183565231587
13	361	20	13	35.982835442904964	112.05207934460626
13	363	20	13	36.6451366211365	113.25590205713024
13	365	20	13	35.83185104786198	110.20871690150697
13	370	20	12	33.07564134224574	104.36903035267784
13	374	20	12	33.30283372651528	103.08963852184002
13	377	40	28	76.56029789556575	229.79136857294685
13	384	20	14	38.71414698811978	119.70444490124406
13	386	20	12	34.99099588513327	114.16133245959075
13	387	20	14	41.68503161039753	135.53073090155414
13	391	20	14	37.44076644892978	111.04448337343175
13	393	20	11	34.93470433803354	121.06308796933595
13	396	20	13	35.27716633758751	105.1214567692244
13	406	20	10	32.78810926909613	116.3741373317476
13	409	20	13	37.92099862224384	124.05244721503193
13	414	20	13	36.91898799140531	113.4445992670193
13	416	20	14	37.1522117531107	110.98480276911002
13	419	20	12	32.69387298133703	102.27201799479204
13	422	20	12	34.975629344993045	108.48950965807484
13	429	20	12	35.52349343272175	120.25942388148998
13	431	20	14	38.79020655452294	119.50540031608634
13	432	20	15	43.89036557911021	141.16933187091237
13	433	20	13	38.4878612950385	122.50762205303583
13	440	20	11	31.711977189008707	99.64149078982537
13	443	20	15	38.80049567145443	112.73472320702315
13	447	20	15	39.5533961852133	121.94057003984497
13	451	20	13	36.67848869697456	111.33728914838615
13	453	20	13	33.752088822852336	102.95644227301372
13	461	60	39	107.59525760396826	333.25454594203194
13	463	20	13	37.568471958736794	124.62316440289462
13	465	20	14	39.0381635003728	121.37536662484275
13	468	20	13	36.01680958175928	111.27146812192174
13	474	20	12	30.172378109816034	89.00754922858118
13	481	20	14	42.345829156858336	141.70768842200368
13	486	40	29	82.2282982205044	258.4703208083579
13	490	20	14	39.04506300815568	122.36582452512789
13	496	20	14	39.346602785748324	128.04734169257088
13	498	20	15	41.11412936733873	129.36839442010327
13	499	20	15	38.77571477131283	112.95765433772264
13	501	20	14	37.70116148547716	116.12671267946313
13	504	20	14	39.73361578095563	124.53203435727785
13	507	20	14	40.30930323113126	128.42596184404437
13	516	20	14	39.15560653168177	120.08969443762078
13	529	20	14	37.78549158849042	119.19405135081693
13	546	20	14	41.79204081385153	135.34312737182196
13	551	20	13	34.87326567983216	110.20518063173418
13	556	20	12	35.35647050075284	114.60693941547325
13	561	20	15	39.12274997508995	121.19462934928738
13	563	20	14	40.17071244103713	131.75037511856172
13	570	20	15	43.977824831559175	142.13225016434907
13	579	20	15	41.636478632944915	133.03820852221594
13	584	20	15	44.12069399315611	144.1996366882666
13	585	20	14	36.84058256194518	111.59002631083287
13	591	40	29	82.90450144897837	264.8451722678326
13	619	20	13	39.86563738696245	136.8469011634403
13	625	20	15	40.43142188323099	125.33613615642533
13	648	20	14	42.352483138830145	140.10594213948747
13	652	40	28	79.97855771014085	261.5257970202027
13	712	20	15	44.05754020684699	146.73454203974316
13	736	20	14	40.75814937083551	135.4258265217971
13	749	20	14	40.850543611866726	138.70302737681513
13	781	20	15	42.690095828321724	140.68539088494614
13	815	20	15	44.673947973910835	151.02868972255203
13	856	20	15	44.288910595647124	151.5660742172181
13	865	20	15	44.073500558621696	148.46164121612847
13	866	20	15	44.43641370345118	148.83236116582418
13	872	20	15	44.90286835188337	153.4387574363721
13	932	20	15	43.282091269284344	151.282503779665
14	0	825	0	0.0	0.0
14	1	43075	855	2949.1401177660646	11005.36948685914
14	2	19225	609	1874.9336589042655	6325.981448214183
14	3	11675	575	1686.9848141647778	5548.30442166633
14	4	8075	470	1313.0914101282933	4170.883979139968
14	5	6100	467	1282.6896462892862	3995.811863731574
14	6	4050	351	923.6059190580705	2815.4306838455977
14	7	3600	388	1013.686396535322	3104.7498512381944
14	8	2875	335	876.8854380863852	2626.7011582926502
14	9	2825	347	884.2877487267958	2602.207970816041
14	10	2525	402	1001.3632352965756	2937.584388032986
14	11	2100	322	810.2609136121116	2380.307010099603
14	12	1725	270	680.7359065927105	1980.6332973111457
14	13	1275	191	450.0856960283859	1232.9004159280369
14	14	1325	228	563.3125116210025	1598.9981398570017
14	15	1225	215	537.127235934784	1577.7588124551403
14	16	1175	244	606.6222409756062	1783.8876978362819
14	17	625	140	349.31901998351725	1003.3870816517668
14	18	1075	261	622.7829118989716	1743.8283122525008
14	19	850	166	402.6505320272403	1161.78919214783
14	20	1000	217	501.2764772390871	1374.3579575824992
14	21	925	224	529.8503526758078	1497.1017846126147
14	22	675	172	410.2992557337884	1161.3213174219632
14	23	500	140	332.7940748237103	918.010655228411
14	24	475	136	316.6903849387452	872.5042420280756
14	25	700	201	461.76544503389937	1268.2744115412029
14	26	625	195	457.3059286315587	1231.912654742473
14	27	450	121	272.5753729095197	730.2244263132623
14	28	625	224	511.706088701097	1359.742734848569
14	29	375	110	273.0617782763395	784.7053748410771
14	30	500	177	427.25054299811103	1231.654926498301
14	31	275	90	203.9590886259344	529.0312870947664
14	32	375	116	247.59382216141233	645.6141446152374
14	33	450	149	343.69052510134367	946.1337677592529
14	34	300	109	242.74842434674616	637.9619127756481
14	35	200	49	115.21509639739462	309.88235749964724
14	36	350	110	262.10614114957673	727.3071786566313
14	37	325	118	275.8029047259206	739.1384144083781
14	38	225	73	167.03348286650998	437.4800193576401
14	39	450	171	386.10887589861403	1051.2266897607115
14	40	300	105	251.52248370175496	689.1202488190922
14	41	200	74	177.1002292984365	504.8629684902208
14	42	225	81	188.90573251259713	517.680655879976
14	43	225	91	212.33586007962785	597.2516353467754
14	44	275	106	248.5443886563777	690.3446965345427
14	45	200	70	166.24074264978503	467.4247689118987
14	46	275	109	241.6582514188464	654.9168105979704
14	47	225	98	239.40877495809673	674.9548707822913
14	48	150	66	161.67066358599914	461.91465177454336
14	49	150	71	166.2457765195005	449.1213081953223
14	50	75	32	69.79995794227536	188.09003590838142
14	51	250	116	248.2903812929871	644.9369266330168
14	52	325	132	307.3733363412035	857.0508343879818
14	53	250	123	325.5435407819343	981.9773187794605
14	54	250	103	248.10509553982718	707.3657571075456
14	55	250	109	255.76151948187274	692.6896428510881
14	56	150	58	131.05968465059317	363.65676327306664
14	57	175	74	164.76453860928592	436.0270156521358
14	58	175	82	180.5797789139734	471.8143120608405
14	59	75	37	90.44347931887151	251.11364330120853
14	60	175	74	183.28061090124993	547.2716979440104
14	61	25	15	31.71579703583521	77.51542893660076
14	62	75	39	82.35206294587768	211.83378002864117
14	63	75	32	80.40583611133401	223.41049436788052
14	64	300	132	320.57596968006436	905.8380258214956
14	65	175	89	211.10622684228468	577.7637133155993
14	66	150	73	184.3390430739052	540.8428835422089
14	67	100	40	101.8444468146739	290.33547447265215
14	68	200	113	264.4622942771215	732.615873150842
14	69	150	58	141.3838836948387	406.96614685754946
14	70	100	61	143.10427214626534	383.54442906961077
14	71	75	43	91.36927616206357	228.90228969930723
14	72	175	82	188.9193768832435	509.46781945762865
14	73	125	60	145.75933664703882	413.53962458816267
14	74	75	31	75.89528318556236	211.5994736276199
14	75	125	55	126.89398205013191	342.2247668164139
14	76	100	43	100.58153879007389	272.329562225056
14	77	125	53	132.7261270755447	371.7738545756416
14	78	175	82	184.25246026453604	501.52444221297594
14	79	125	64	144.91637675651188	379.3906538680675
14	81	75	38	95.22384630642459	276.1258510662068
14	82	150	71	159.31651971973542	404.17700776008286
14	83	150	81	206.40025084264505	604.1610772226599
14	84	100	45	106.4264879179788	281.37875460628226
14	85	125	70	171.39119327079098	472.41444469191595
14	86	100	48	121.78634951084663	352.87662297202655
14	87	175	87	213.2062196258163	612.9663490784967
14	88	100	55	136.13022895800785	391.5994320143781
14	89	125	67	160.0200496428983	438.7371131165148
14	90	75	34	73.19908806014324	201.29090135202355
14	92	125	67	158.19234381874202	432.1510076425488
14	93	100	54	141.60960722332325	425.3729181230646
14	94	125	66	152.41647407996368	414.04934389240657
14	95	50	30	90.39905289767476	289.6789724447776
14	96	100	53	133.60680959457827	375.5312712362282
14	97	75	39	98.09614259335818	274.57996036658625
14	98	75	39	105.7481451664769	316.7998044426227
14	99	125	68	167.04731296759056	470.83017777803065
14	100	25	16	46.024355225281866	140.64624507882016
14	101	50	32	82.82018311222	244.83993286175127
14	102	75	46	126.9679858165333	388.31572493022156
14	103	100	47	115.38460351916525	313.1981145026147
14	104	50	29	73.33789637572443	216.95174787841964
14	105	75	44	111.29214131065433	322.2991226886255
14	106	75	41	101.40011445395423	297.1137018717649
14	107	25	15	30.548921636128853	70.7013061338935
14	108	75	45	109.24413335352978	304.25819903590593
14	109	25	12	27.52296313109731	81.318767245544
14	110	50	31	79.53024943823961	224.98815567970473
14	111	50	28	72.78943417871729	220.49087079770413
14	112	50	29	74.12166324109725	221.0908536177203
14	113	100	53	136.2578750485431	410.69663546327615
14	114	175	98	257.22354682904347	749.756894760533
14	115	75	36	90.57130053093726	262.69067381586655
14	116	25	18	46.77532376190179	131.52773794064586
14	117	25	12	31.41069216838863	94.46506304217807
14	118	150	92	233.68533371065047	689.0744192256054
14	119	125	71	167.12446211343544	457.9678294526183
14	120	75	46	117.49257056478095	332.82360232472587
14	121	100	44	119.56286964260262	378.4229909185099
14	122	75	39	96.41917231841393	278.5547907746954
14	123	25	17	44.9939619992763	135.3329930381353
14	124	50	30	69.94723446474906	196.22220177247002
14	125	125	70	180.00498857629506	528.2791776094773
14	126	75	51	130.83250177921582	378.4780557522083
14	127	25	15	35.16575785997111	103.50924858680021
14	129	50	32	78.94769580974197	219.52329203512278
14	130	50	28	69.48088889041006	195.65808055465308
14	131	100	59	149.46817867009287	435.4360583628695
14	132	50	29	78.20824126446914	229.6349178379886
14	134	175	111	268.33677276562594	749.2045482043338
14	135	25	16	45.50776575843668	139.42498208820533
14	136	50	31	80.00389013550821	239.97981332395815
14	137	50	30	77.17186970076139	223.73346956941106
14	138	50	31	74.12638678349572	210.21944780209813
14	139	75	46	115.36544845854878	318.03081398138346
14	140	100	58	144.3093263984386	418.35758725160804
14	141	25	13	32.36068800021199	96.05032266626137
14	142	50	31	84.3958080500511	255.45996989094712
14	143	25	17	40.584273062055374	109.38723934470394
14	144	50	34	80.67830102155732	225.98556107695143
14	145	75	44	118.0079417329629	362.7156577906674
14	148	25	13	33.85918200017887	98.84799093462935
14	149	25	13	30.793304826520234	82.05400355532436
14	150	50	34	84.4793475924235	248.31137769514004
14	151	25	17	40.70526197524585	112.96446357638958
14	152	125	85	218.12766500399232	619.0663624349999
14	154	50	34	89.09257448696542	263.331723724186
14	155	25	14	32.831180391733994	90.62754620690036
14	158	25	16	43.57983090503383	136.22506295520014
14	159	50	33	83.96356486472379	243.3487153083913
14	160	50	32	86.90673978122604	264.2797443621798
14	162	25	18	46.48050491195266	135.38029911239158
14	164	50	34	90.27230474475711	266.94745741110415
14	166	25	16	42.07409745197966	125.83240619390038
14	167	50	34	82.49145338034505	234.69124607413346
14	168	50	32	87.9322808019055	266.48128975022814
14	169	25	17	38.77974022204445	101.87551875991896
14	170	50	36	88.40283985336328	252.1199764316513
14	171	25	17	43.88418200796181	125.85019660912565
14	172	25	19	48.520119452885304	136.61940518196747
14	174	75	50	129.01203460446047	372.9021877165254
14	175	50	35	82.09833161571515	223.51994289439276
14	176	50	39	105.3871657376833	319.02392473170613
14	177	25	17	36.67053728552358	100.83305160909451
14	178	25	18	42.71278351090472	121.49098287994511
14	180	25	16	41.810896274519564	130.92369261281493
14	181	25	18	44.4897270836072	125.94457805091422
14	182	25	13	36.459763070320484	110.96208385724844
14	184	25	19	47.81451299556119	143.59801779676337
14	185	50	33	84.1470179459845	256.48571849308786
14	186	50	35	96.59178288585471	301.00984251834575
14	187	50	34	90.87026322495126	289.0412969835519
14	188	50	32	76.87403419670848	219.89671871847997
14	189	25	14	32.39283108959919	88.86829824764412
14	191	25	15	44.423311763311425	150.84603144583747
14	192	25	15	36.515973081002045	107.3031356803133
14	193	25	16	38.63596482270486	105.65604501875546
14	194	50	32	78.58187062044033	220.32829688319455
14	195	50	31	83.33015965285429	252.11101814751402
14	199	25	16	41.89834304544406	121.25603791430542
14	200	100	68	176.54037522083965	525.9374860192905
14	202	25	16	40.94277574358284	117.77382129242072
14	204	50	31	82.85556365077034	250.64470184476642
14	206	25	18	41.69618261047316	117.19863876757118
14	209	25	16	43.38020376355171	133.57124962823474
14	212	25	17	44.007093363979884	133.2116611606116
14	213	50	38	100.93188604647914	304.5285513714533
14	214	25	17	46.4191510169735	143.67571790010575
14	216	25	17	47.742908218664105	148.091245163858
14	217	25	18	45.13994625112945	124.94064775134486
14	219	25	16	38.70580731372495	111.12428815117332
14	221	25	18	46.911356022373276	138.63917011218433
14	223	25	18	51.20042016559073	164.2710517642746
14	224	50	35	91.46128363169798	277.2757262143175
14	225	25	18	53.55889120594518	182.52994140271397
14	227	25	16	43.920523997717765	135.5159579878258
14	228	75	62	171.75729838084422	530.2208486237628
14	230	25	21	54.84581893311783	168.80692774910887
14	233	25	15	42.73723665831704	139.08492610174127
14	234	50	37	102.40904866134078	317.2145965334049
14	238	25	14	36.4387827533724	106.34906849317844
14	240	75	51	142.95187071157162	460.55978354307354
14	243	25	15	42.664199120756685	138.56924870520467
14	245	25	16	41.10797731987101	129.0193645984556
14	246	25	18	53.75788280324556	178.07978676146632
14	248	50	35	83.25170679708941	238.62172095689695
14	252	25	16	48.404779270312574	156.19725761604943
14	253	25	17	42.50777669229577	116.95653958770326
14	256	25	17	47.272197938742025	152.39148423789175
14	261	50	39	109.05700942330303	347.23628741608326
14	263	25	18	41.19430720873921	114.95213926733526
14	265	25	16	45.6187437072774	155.2265001188791
14	266	25	16	44.77202461078036	140.47142122157584
14	269	25	17	45.4885423012103	135.6302180679646
14	270	25	19	49.1849925250696	144.3017285972831
14	272	25	19	46.711543340557995	135.40962148766548
14	273	25	19	43.757766834708136	116.89084166160764
14	275	25	18	46.6484390143394	134.76830082978856
14	277	75	54	148.3270382867187	464.23566214547947
14	278	25	20	56.577113767479425	180.66938101895266
14	280	25	19	50.30956226716266	150.7785133130637
14	282	25	17	47.4974828508905	143.51756261160335
14	283	25	17	40.305785815527464	111.77846057373543
14	284	50	36	100.84671537124454	313.6725918163688
14	286	50	35	96.54564542374074	305.2064804330709
14	287	50	35	92.3601825714713	276.3364855690884
14	292	25	20	57.95713472973525	183.76284789886833
14	294	25	20	53.5378959541304	163.46689789934314
14	297	25	18	51.60184540626977	160.8173555080465
14	298	25	17	43.66100137381077	128.71339272624553
14	300	25	16	44.52737463061344	138.40015779313163
14	302	25	21	53.87701142503202	156.23272431490176
14	310	25	18	50.01313703056303	159.0139930090194
14	315	25	20	48.8623357469681	140.89080147115558
14	316	25	19	51.152811581215204	160.03798492566946
14	317	50	39	108.61016761677372	334.1752002114197
14	319	50	39	109.96401249974376	350.21677719509347
14	320	25	17	46.98324176088005	152.10867905103476
14	322	25	18	45.15955396114317	133.41980512421205
14	323	25	17	49.976657540673884	164.9511476319529
14	324	25	17	50.6719555889774	171.0338590396251
14	325	25	17	44.67519043962222	137.48796706730081
14	332	25	18	43.46317091243971	126.18815366461342
14	340	25	18	48.65776731166533	155.22061385146338
14	345	25	18	49.27239856645266	151.67727243996714
14	346	25	20	55.50448278377805	171.29951904459665
14	348	50	41	114.98388628046021	361.8826643486635
14	358	25	19	52.321841886349326	162.1678587619363
14	360	25	22	64.4095031012937	209.97943276543
14	361	25	19	54.68471836595952	185.21730958485261
14	363	25	20	49.57530539103568	148.16906133792648
14	365	25	19	55.671519117496274	186.27492229710882
14	370	25	19	53.41010608553581	172.7191820683142
14	374	25	19	50.09356171406833	156.84036966633013
14	377	50	43	120.10407614569714	381.9026755520453
14	384	25	21	61.97012559838999	204.34326580677072
14	386	25	22	61.797005392809346	195.2915663752979
14	387	25	21	58.651743232772574	189.5381969092113
14	391	25	21	58.771173009526336	178.09596702672744
14	393	25	20	59.682038565521935	200.03036349504546
14	396	25	22	59.709526194314506	187.8218403033934
14	406	25	20	56.035201635725855	183.86679261026987
14	409	25	21	57.90954893134044	186.98974258387122
14	414	25	19	53.2166991616962	175.87706910683443
14	416	25	21	57.23659795449728	185.9145225368856
14	419	25	20	51.07949595786533	159.06792459296074
14	422	25	18	49.9987233157489	165.75700945087084
14	429	25	20	55.93179134385392	177.59466902334043
14	431	25	21	63.388484175306175	203.78387670961652
14	432	25	21	61.5181564116774	208.10301979524178
14	433	25	19	57.23029153302884	193.1935939002889
14	440	25	21	56.74662117825336	179.3996161111644
14	443	25	22	54.964283314808874	167.2393675857664
14	447	25	20	53.68502655233869	179.4269791014707
14	451	25	20	61.41876097750548	215.09039926668555
14	453	25	23	66.12852123887507	217.82165534426673
14	461	75	61	181.9073168406383	603.109159534895
14	463	25	21	61.19592433156756	206.40472405576185
14	465	25	23	70.9483411581213	244.18604558723993
14	468	25	20	60.10385271320906	201.18901912092852
14	474	25	20	57.14399099717062	190.39371100217693
14	481	25	20	59.33360975194046	194.1099643611862
14	486	50	44	127.39893837445643	415.1266085286029
14	490	25	23	61.18443600837587	196.71790248101956
14	496	25	21	55.87457437431844	172.6498982362506
14	498	25	21	57.82457971326141	188.18811377438917
14	499	25	21	56.09574003777227	177.85763935046003
14	501	25	21	58.41590777224209	189.61032530417006
14	504	25	23	67.49495504059274	226.08309049877838
14	507	25	22	63.201444961902226	209.30326679915146
14	516	25	22	67.59294872227287	224.14868931076268
14	529	25	21	58.86061497665933	198.04955353443543
14	546	25	22	61.99234734290001	199.52630226759433
14	551	25	20	54.181943941047365	172.97580474401485
14	556	25	20	59.93675090724397	196.94065705774278
14	561	25	22	55.043615931252845	174.4058350673881
14	563	25	23	66.28025257786194	214.0566887912579
14	570	25	21	60.791792408625746	198.69119425490217
14	579	25	23	68.81082752181929	226.66463741814667
14	584	25	22	65.35528458686473	224.15549072050888
14	585	25	21	59.091500703378166	194.8457492190654
14	591	50	44	127.80936548100165	432.69879339076016
14	619	25	22	67.25073037623106	228.45352972853217
14	625	25	23	68.88405691159244	233.718366619274
14	648	25	23	67.16152487261587	217.86389526376806
14	652	50	43	131.5924579163779	461.3605611964168
14	712	25	22	61.013603334463674	199.76628111987628
14	736	25	21	60.211764817632634	208.15624550807593
14	749	25	23	68.8002258160787	231.95553376563714
14	781	25	23	69.33306807602834	240.77662859233217
14	815	25	23	70.65957384453007	248.6819166204103
14	856	25	22	65.15596277670538	233.24049281182113
14	865	25	22	69.11429553993457	246.0519019961329
14	866	25	23	71.78323149860027	252.68117057145125
14	872	25	23	70.80166575447824	246.54848798939472
14	932	25	23	71.61483447990511	258.50050787151866
15	0	660	0	0.0	0.0
15	1	34460	936	2878.1963559573933	10480.8434843509
15	2	15380	680	1884.3473746458294	6348.446477258983
15	3	9340	614	1700.7513479662553	5806.472167580103
15	4	6460	583	1457.6641374246947	4601.479688960069
15	5	4880	542	1342.2036828876141	4105.635282243562
15	6	3240	381	889.834892915133	2656.9919593502054
15	7	2880	506	1201.5681627715398	3683.7702921914083
15	8	2300	387	910.4874633161382	2689.643399564151
15	9	2260	382	862.4864668205207	2503.095044203428
15	10	2020	447	1001.8297308128992	2870.4374411573936
15	11	1680	355	837.0004243483468	2444.7668026039078
15	12	1380	324	702.4852335073926	1993.4323998510463
15	13	1020	238	520.3231093440402	1460.1739763512855
15	14	1060	270	610.7406924972606	1732.1464515251832
15	15	980	250	562.5880405688472	1607.5948153494887
15	16	940	304	665.2322764351259	1844.0038536778711
15	17	500	151	353.14370892978343	1013.9751332806052
15	18	860	328	709.064572861223	1946.7951264228852
15	19	680	217	440.2674069265462	1185.2974154161222
15	20	800	275	592.230174614338	1632.2537375987
15	21	740	254	542.7624316687146	1536.7300970988763
15	22	540	178	402.4691229407636	1166.169303859967
15	23	400	158	354.0835121482885	1005.3404993152676
15	24	380	155	358.4890937236911	1046.468257740934
15	25	560	222	483.3202213067014	1341.130930658979
15	26	500	212	451.2741382045931	1191.915443793071
15	27	360	142	310.2718165912402	883.3399194264132
15	28	500	258	536.8392393895672	1384.9897163761807
15	29	300	118	286.10854620229765	847.2926510922218
15	30	400	182	392.31287719068837	1071.525252523073
15	31	220	100	219.64980406683873	589.6963412492312
15	32	300	125	252.88046654245719	632.8575869158319
15	33	360	182	401.5289100421445	1100.4940851247911
15	34	240	107	240.03555814568378	629.9898439488181
15	35	160	63	139.63477724257973	403.5958236022325
15	36	280	132	304.24722529683515	892.7068976333237
15	37	260	146	334.11335093188023	923.5935858768638
15	38	180	88	206.76750316772169	615.1828147569224
15	39	360	189	417.5410515728462	1148.1988470991298
15	40	240	115	246.28748583743635	667.7650966618928
15	41	160	88	180.41738165829543	472.1257077902736
15	42	180	88	189.74395409667417	532.9672072142707
15	43	180	104	238.85619651450554	686.9608708213879
15	44	220	125	278.64716252303367	776.3056149915058
15	45	160	85	176.02676098830975	444.6106100573183
15	46	220	118	256.0009314002572	675.8270845548383
15	47	180	108	270.0278765529248	794.8084104332943
15	48	120	69	161.98084685561545	464.9518904204106
15	49	120	72	172.40676050688637	498.06016565649645
15	50	60	33	69.12637883248313	195.27758384732573
15	51	200	121	265.19592926270116	705.9261561897711
15	52	260	149	336.6995258954128	935.4956762011745
15	53	200	128	305.65840887205314	861.2685454393661
15	54	200	123	296.40539526426346	887.820379489026
15	55	200	123	299.5973642032559	873.8895362402795
15	56	120	61	129.08896523328633	348.54266595838726
15	57	140	87	187.29355574359178	514.7332104074234
15	58	140	89	211.0760796666421	599.7477925644534
15	59	60	42	107.24752627771014	317.45180390154326
15	60	140	89	221.2688453730207	664.0272603828652
15	61	20	12	24.16330889849305	67.11317696547297
15	62	60	43	98.50775762445835	274.92400617956395
15	63	60	33	84.17321758683084	253.87705927329742
15	64	240	158	387.8368051857527	1121.4565882823604
15	65	140	98	236.52493735380472	662.9942075758445
15	66	120	76	186.31124558298237	549.3698348755336
15	67	80	45	118.53293972480782	375.56113206169744
15	68	160	108	257.52868391582615	739.1142060204792
15	69	120	76	168.86759288577116	454.6174390661473
15	70	80	58	153.6309946581556	477.3503455374965
15	71	60	42	103.90302436435204	314.3783636846273
15	72	140	91	202.9207695288307	566.2490678808554
15	73	100	61	140.19612817113037	384.22844977716164
15	74	60	37	91.24403948637412	268.83729264881856
15	75	100	63	141.7013963094969	372.40855083704247
15	76	80	50	122.11694332577787	347.9482358718171
15	77	100	61	137.6407444679448	373.04928518557466
15	78	140	87	198.50199647152994	557.2337444524032
15	79	100	74	178.1382462787731	519.6828711541151
15	81	60	39	97.09264358467769	273.49551801655355
15	82	120	86	199.73355295495531	541.4679398953214
15	83	120	88	218.23520621441605	642.7192303516383
15	84	80	47	115.80933378017838	339.6467473546146
15	85	100	72	183.420517550607	555.2622918808478
15	86	80	53	124.75378162306876	365.2556749228803
15	87	140	99	255.38661899108035	780.1943249035398
15	88	80	53	138.9903715597609	414.39718153626626
15	89	100	70	171.04633688769067	484.1265827684682
15	90	60	39	81.85461849129487	215.29003954705644
15	92	100	68	161.66146975694522	445.9344877846291
15	93	80	60	144.81884005673396	395.14254233588935
15	94	100	73	179.96906285022266	512.8267092717548
15	95	40	31	75.22962881490086	209.8588021333033
15	96	80	59	144.8289766149337	425.09785162295293
15	97	60	39	89.58530597384404	246.9288472653618
15	98	60	42	103.40969782063205	279.1973549600775
15	99	100	72	169.57467224957526	475.7193619747669
15	100	20	15	29.631440798200686	70.97785544826604
15	101	40	33	89.58577742898254	282.310555651428
15	102	60	46	121.49161252492512	373.11006765097073
15	103	80	52	126.52068579480608	355.63532318262503
15	104	40	33	91.24037073197297	275.193569425929
15	105	60	40	109.47328406412886	334.7137460013537
15	106	60	40	104.9373948780893	318.3252379882303
15	107	20	15	39.2690269399687	127.16561737941095
15	108	60	44	112.72201620298338	341.59390075334977
15	109	20	16	39.9836169209054	115.20452046815707
15	110	40	29	76.06673696147395	237.29034151321136
15	111	40	33	80.67390797846207	239.5964307730273
15	112	40	31	87.56341433978255	269.4254897673796
15	113	80	60	159.84156061010884	505.01181289515625
15	114	140	102	262.174995839876	767.0771702758263
15	115	60	41	104.75696156488803	316.01764364459206
15	116	20	17	43.040494633528276	119.1893961741575
15	117	20	15	42.76512948193722	142.2333813105166
15	118	120	88	223.35716385339248	655.4618096926569
15	119	100	74	185.63018878348655	557.8453277181873
15	120	60	41	107.78262360633488	317.3577821143348
15	121	80	56	150.70320848922054	463.36708574986494
15	122	60	46	106.15832878711342	290.66094084656794
15	123	20	18	46.42163672798902	143.3750693448633
15	124	40	30	76.33939642541755	236.5486525647404
15	125	100	77	204.5482347501825	623.5379783583456
15	126	60	50	140.62791548347033	448.7944670500253
15	127	20	16	46.088975660523246	148.44570263975484
15	129	40	36	98.82594241339238	314.91471485779266
15	130	40	30	77.25055368596495	237.8075722371613
15	131	80	66	172.94442436615327	532.8755695692681
15	132	40	32	79.12736099647928	221.8128455243121
15	134	140	112	282.96469319285364	832.863823556682
15	135	20	13	37.08491109724698	113.91795315637573
15	136	40	30	78.00948877566336	228.13915320946927
15	137	40	33	82.30291305289728	239.3630943879925
15	138	40	28	73.36221112149404	219.54053947661154
15	139	60	41	108.05011906227072	322.7086560421608
15	140	80	60	154.1764737275688	465.09373798065315
15	141	20	15	35.46549543994629	105.99931723280854
15	142	40	33	85.80370708389245	252.3636918579802
15	143	20	16	38.693947583898925	105.93943917134602
15	144	40	34	92.34598425253878	284.1238420857163
15	145	60	50	135.21844443716975	410.44626129887615
15	148	20	15	48.92774679786431	173.65596120019333
15	149	20	12	37.07409623611058	123.80668683213844
15	150	40	35	94.26895749143624	295.0154084449718
15	151	20	14	33.67086929926308	94.05815465980176
15	152	100	80	217.66416946112426	666.350886167111
15	154	40	31	83.65397601420598	253.80784065662965
15	155	20	16	39.957981904985985	116.75081839276041
15	158	20	17	46.04900537612989	136.4051154396356
15	159	40	33	89.43161097196855	282.68664504784095
15	160	40	30	85.64379468395086	281.6442020663967
15	162	20	15	44.73170794649464	152.06833411749025
15	164	40	33	93.37541151079114	309.17374456866105
15	166	20	16	45.577843728159095	145.89567641307946
15	167	40	36	91.58235886971481	265.95419977157957
15	168	40	30	84.85959013896237	269.02207358621484
15	169	20	18	41.296000184666966	109.132291137965
15	170	40	31	88.2023261363571	284.0461886366678
15	171	20	17	46.736432798317196	140.12334324547058
15	172	20	15	33.78026501422563	84.92335659500598
15	174	60	51	147.91267563079433	493.56028512287514
15	175	40	34	84.27512090680568	247.64754094789504
15	176	40	33	90.22531746762193	278.2566164366459
15	177	20	18	43.37837870649613	121.27040456050283
15	178	20	17	52.55791986549852	185.55770932333587
15	180	20	17	45.803533953398556	141.1136320375784
15	181	20	16	40.66270005663758	115.1140403970585
15	182	20	17	43.9503015992999	133.87297514472442
15	184	20	17	52.54872293852627	181.7358022559902
15	185	40	34	92.46582241296643	290.1762428567091
15	186	40	34	96.17297960640599	311.2741965359695
15	187	40	32	84.09871950121801	262.8396006591238
15	188	40	35	81.37180467888287	236.47655634907267
15	189	20	16	38.39582863517245	116.73479476213959
15	191	20	16	45.99713954635454	144.56350483765655
15	192	20	16	39.61202499758733	117.28605082097572
15	193	20	15	43.31805081529893	142.89172184953992
15	194	40	31	81.0897297113438	246.7938126533858
15	195	40	33	91.3567082420243	282.44009012063066
15	199	20	14	36.617028291405234	111.73965033667777
15	200	80	66	202.14544394261645	687.3196274112561
15	202	20	19	54.535521881111336	173.14252326886364
15	204	40	34	92.44101591091564	295.56774333005853
15	206	20	18	50.50228566006397	161.93336068386083
15	209	20	18	53.00194034593156	175.28132157302306
15	212	20	16	46.53881271770315	142.9546025516551
15	213	40	33	94.3599309676365	313.1358658465764
15	214	20	18	48.81175681127549	157.10372298224522
15	216	20	17	43.24840761414015	127.39889813207108
15	217	20	18	49.11479247944533	151.08469196720114
15	219	20	18	52.677878591917874	171.645064757722
15	221	20	16	47.19315739015858	161.0130327222592
15	223	20	16	46.294317797308416	147.64418043335564
15	224	40	34	101.11237474208633	345.2923060005136
15	225	20	16	51.13471365198848	180.02024877735207
15	227	20	17	41.651540779378884	125.71467529859356
15	228	60	51	152.5008266829412	506.4198003795215
15	230	20	19	54.87384451211773	185.23116659071667
15	233	20	15	46.027076952040275	154.77357269463621
15	234	40	33	100.59991871821303	350.1897650262432
15	238	20	18	49.02949437621483	154.61647120171781
15	240	60	54	157.84680199408254	522.9168942307292
15	243	20	16	45.39290404640557	139.67046141684142
15	245	20	17	48.88717118698464	157.21681236307188
15	246	20	18	57.24236195818261	199.73505128358914
15	248	40	35	102.35415195673389	339.0903866441413
15	252	20	17	48.804647667523895	151.75633654928438
15	253	20	17	41.4439656120179	118.77623568577755
15	256	20	16	48.526089201234456	160.45008803427453
15	261	40	36	111.48120026403947	385.86717252709707
15	263	20	18	50.00518061549698	159.01053261005111
15	265	20	18	54.90641494712663	184.24177321951566
15	266	20	18	49.44142041341963	153.07721513799703
15	269	20	18	52.202064411401125	169.0946076418119
15	270	20	17	52.37337890642987	180.40407669538388
15	272	20	18	54.95550108594447	187.69777226452098
15	273	20	18	50.636539055858734	164.6993539548529
15	275	20	19	55.25925643570501	181.0561237212139
15	277	60	52	151.85318790830698	502.2107670334639
15	278	20	17	49.80571578330667	161.9730424729341
15	280	20	17	46.527485612196294	148.89519377043086
15	282	20	16	49.74230778713496	169.13946580294902
15	283	20	17	44.94204075354766	138.40118513289354
15	284	40	35	100.76848825287888	336.3768949837166
15	286	40	35	103.40251876762423	342.90141169869514
15	287	40	36	100.92627728395018	329.49116205886156
15	292	20	18	57.32729837291307	197.50627402430405
15	294	20	18	54.02602978202177	191.5610943248169
15	297	20	18	55.066584876954195	193.74978639334523
15	298	20	18	55.263842270618134	188.340236981388
15	300	20	16	47.88966751578141	155.1138391292152
15	302	20	19	59.33388552226561	202.98911831308715
15	310	20	17	50.61915906072315	162.61129173178472
15	315	20	17	48.37317223085175	160.97451386156163
15	316	20	18	52.15682410467924	166.815054715773
15	317	40	34	98.77690740205118	322.572115809876
15	319	40	37	112.79031642436613	391.9847288698711
15	320	20	18	52.88369711474785	180.78895555582653
15	322	20	18	56.057822829456654	188.5658355644682
15	323	20	18	54.98594303185911	183.5918916003088
15	324	20	17	51.258272003903926	173.57941332076828
15	325	20	17	57.75346357296214	219.66403313348204
15	332	20	19	56.42656661040479	196.67272372649182
15	340	20	19	54.850066136815	183.31015709031502
15	345	20	19	55.090361958498264	193.5983144559776
15	346	20	17	48.620241421744275	161.64334579760757
15	348	40	31	97.19633513005574	341.2143397524859
15	358	20	19	53.72774235314095	172.06932112202333
15	360	20	19	59.97116427968112	215.83100828938547
15	361	20	19	61.62880109436233	229.20723566288012
15	363	20	18	54.51389592802179	189.1023044261637
15	365	20	19	60.420074112298494	212.6692301463685
15	370	20	17	51.94612647783607	177.66841071121118
15	374	20	19	53.88021721866341	177.5254026948794
15	377	40	38	117.33943682184785	411.75578452908746
15	384	20	17	58.315976389790336	213.3695733631821
15	386	20	18	55.29107209354466	189.8593219071003
15	387	20	19	62.81529400931473	227.085744680476
15	391	20	18	58.88355022719635	214.31282635510894
15	393	20	19	55.4701580514476	180.84570738096795
15	396	20	19	53.62611987776536	173.75385997650304
15	406	20	18	58.47249171706743	216.16432463047406
15	409	20	19	62.09226177689468	221.4295724862057
15	414	20	19	64.37849768254223	247.63018663467503
15	416	20	19	58.54110784748855	211.58264614125366
15	419	20	19	61.358299989624136	218.99828075132675
15	422	20	19	59.36852841190626	205.3055590614236
15	429	20	18	54.78433849239336	189.89562369457943
15	431	20	18	56.344949764385724	190.59789064262392
15	432	20	19	63.69879008222065	236.37707066728169
15	433	20	18	59.6058631922653	215.59791859735756
15	440	20	18	52.35629286828807	175.7969394171181
15	443	20	19	57.44969375297961	200.00726521842802
15	447	20	18	61.869783295011125	225.46289862527857
15	451	20	17	54.884141145460255	192.80918344679966
15	453	20	18	57.3055945037771	210.13960966741752
15	461	60	56	172.21932077291407	603.5541275135241
15	463	20	19	63.8299983668464	242.22602201974857
15	465	20	19	62.77409819137281	225.3537159811709
15	468	20	18	56.41797516876998	192.75078706637157
15	474	20	17	55.92920077787571	196.2091066481549
15	481	20	18	60.712466102333195	226.24880603452243
15	486	40	36	123.76759349144857	463.23281091077075
15	490	20	19	64.63554762003841	245.1363163546458
15	496	20	18	61.98898515176309	235.1859427877834
15	498	20	19	62.68746473200342	227.23460478788073
15	499	20	18	59.67468732076411	219.3803665289619
15	501	20	19	63.0373588295865	225.8062432151174
15	504	20	19	64.82699538407823	246.56900067579224
15	507	20	19	64.52748881970093	241.34908679355885
15	516	20	17	58.67835097967753	213.99035517356646
15	529	20	19	61.122383540120076	221.14163303859326
15	546	20	19	67.10776879383563	259.14913516620203
15	551	20	18	61.64444637829426	224.81243748084935
15	556	20	19	62.42889886980648	227.60832125449014
15	561	20	19	61.17346122627196	221.89674579106307
15	563	20	19	56.25884022970219	189.80170820459057
15	570	20	18	61.69822652078886	231.41781090309638
15	579	20	19	63.88236413626633	234.72232990440597
15	584	20	19	61.48345965965426	220.22707683131065
15	585	20	19	64.60934525758948	242.66813912007962
15	591	40	38	125.38695004768377	465.06483494048024
15	619	20	19	63.51796020806144	237.47562604455217
15	625	20	19	60.839381360432746	215.9024685364248
15	648	20	19	60.12061772232804	215.2401761202182
15	652	40	38	132.83577977776088	503.65593496245765
15	712	20	19	64.65621304101185	244.07971432400413
15	736	20	19	66.08825606894277	252.31004493639114
15	749	20	19	63.23123050009171	231.44126074536564
15	781	20	19	66.10632530847708	249.69497382071532
15	815	20	19	66.57272551535941	263.31030852990295
15	856	20	19	69.2015417138949	275.9706940637593
15	865	20	19	66.96188364141567	257.40245699072983
15	866	20	19	68.10368927281915	265.7742409202819
15	872	20	19	68.69314447733625	271.16509760170436
15	932	20	19	67.73164569250194	263.9490452220771
16	0	726	0	0.0	0.0
16	1	37906	810	2510.6138219098593	8983.163091617285
16	2	16918	593	1635.7154246068612	5358.960073640777
16	3	10274	520	1368.3105688747203	4334.265725601741
16	4	7106	472	1150.882040887942	3499.085224212261
16	5	5368	471	1154.9778959594303	3467.931031402154
16	6	3564	365	864.5904342297764	2533.190940995364
16	7	3168	417	950.1048536191425	2728.5516185318147
16	8	2530	336	791.7608227203038	2350.7936777069817
16	9	2486	325	728.5659218602409	2113.7445794961077
16	10	2222	380	825.7537208093759	2308.6885762201046
16	11	1848	282	615.1910723939203	1646.105300917075
16	12	1518	269	592.1871680953952	1703.8084510249626
16	13	1122	214	472.8181651124278	1335.2637470371062
16	14	1166	223	498.7490851136039	1397.624301921418
16	15	1078	203	459.7458206953996	1350.8588266439306
16	16	1034	253	548.3139969365545	1495.5575222501839
16	17	550	139	314.87652894046374	872.2269491075355
16	18	946	266	542.9552397857651	1398.8470666323165
16	19	748	165	341.0717382949907	958.0665209462053
16	20	880	233	477.37203779114975	1265.3203439579274
16	21	814	211	415.8013955855588	1041.128335304292
16	22	594	166	368.4895682838609	1024.4492058018686
16	23	440	124	258.7228550693476	667.9942763524177
16	24	418	130	280.2729947857985	805.6737621805173
16	25	616	192	396.5585238613984	1058.5815569820109
16	26	550	191	397.33518866292786	1028.5958661633722
16	27	396	119	243.9225682826494	652.383911347083
16	28	550	209	418.00867853155864	1050.6527334443897
16	29	330	106	234.25146236344114	651.886635056376
16	30	440	170	379.91963499745015	1091.3719940246156
16	31	242	89	194.339382865213	529.6935515896143
16	32	330	121	239.34725776507867	632.6082270268996
16	33	396	144	265.70543688951386	620.0194064601745
16	34	264	101	218.87108644418038	614.7017449485419
16	35	176	57	121.8881253190724	353.12067644699977
16	36	308	118	258.5224212029684	730.6439780465801
16	37	286	124	277.603400001736	796.7774318469706
16	38	198	79	151.25282059430916	353.8783252281603
16	39	396	158	334.5552337300012	903.2674230449638
16	40	264	105	217.7020056906064	555.4189285219562
16	41	176	83	159.5652614529115	388.22132738384767
16	42	198	75	160.24407066322843	448.63173139508194
16	43	198	85	182.55591701779795	494.78976463278786
16	44	242	111	233.09865404490077	632.1828560927299
16	45	176	76	167.51383365529392	468.5693217652433
16	46	242	107	235.00589326169194	671.3257866820362
16	47	198	89	196.48669832211786	515.1346481061713
16	48	132	60	134.23095321438979	389.855713369475
16	49	132	68	147.59283856393478	391.9953769517996
16	50	66	31	61.87598272124357	162.85319019999076
16	51	220	115	237.68087445263055	623.1771256292258
16	52	286	130	267.35019215734405	682.0668418347447
16	53	220	116	269.8652680680858	751.4335207822098
16	54	220	108	218.99010981965648	551.879746330891
16	55	220	102	227.81343289026634	604.4661116585808
16	56	132	55	109.05459359527667	269.0238542492133
16	57	154	77	177.17521736289763	513.5295173703644
16	58	154	75	170.00363065435576	464.39975168479646
16	59	66	37	92.36725708660467	287.77167516723773
16	60	154	76	177.42243597211234	506.244653877314
16	61	22	12	25.933573295197476	84.36226546437766
16	62	66	39	81.9554340780364	218.229599706842
16	63	66	28	57.50818598150185	135.5442859142297
16	64	264	141	283.1142371604771	667.2141052333421
16	65	154	89	189.38957720068703	481.6777171437926
16	66	132	70	155.98425098005248	436.9303853441594
16	67	88	34	77.8207774113295	225.8580921850035
16	68	176	111	243.92180430575974	656.3282525463073
16	69	132	62	137.13494132587823	363.971049886776
16	70	88	55	118.10222114568884	304.74372858453887
16	71	66	36	65.61170928438538	149.99708881633194
16	72	154	78	162.84044725514372	410.7719252286904
16	73	110	59	146.32767550934955	455.3010023703577
16	74	66	38	89.50016419607222	253.8666697648111
16	75	110	57	114.3186184754205	280.24368488392565
16	76	88	48	102.96468181541007	255.03110112519542
16	77	110	55	124.53346757720855	328.9527542677252
16	78	154	77	161.26437650777024	453.4850104821827
16	79	110	62	138.64255474889418	368.72655559955996
16	81	66	38	88.55096047952611	240.73758491969753
16	82	132	73	172.75386050858083	500.76673209947717
16	83	132	73	161.47948748094421	408.7161995551267
16	84	88	42	99.36406664239084	282.2007434025438
16	85	110	65	150.41098112006912	408.2915851047654
16	86	88	50	118.44515183786737	328.8868570124454
16	87	154	85	193.19631381016467	548.6389212793198
16	88	88	50	114.2919220742431	304.29949523915957
16	89	110	61	136.835901932282	349.5065256921978
16	90	66	36	74.59629871041984	215.6702278166457
16	92	110	63	150.226587993005	428.4549187696961
16	93	88	49	102.93214687839983	244.48433621552311
16	94	110	65	143.8181233713175	377.0497881876371
16	95	44	28	63.33822362696102	164.66885713147911
16	96	88	49	122.18703074877187	385.1556825133363
16	97	66	37	82.71695951267395	228.49055973452676
16	98	66	32	87.68349465519366	300.96674062011186
16	99	110	71	175.58136241624712	548.2134609307818
16	100	22	14	34.62337475063601	99.7027491841052
16	101	44	27	69.82585606414065	202.013207556257
16	102	66	40	94.81006869447258	258.4659263070117
16	103	88	46	121.72377870588207	387.46152787688357
16	104	44	28	69.05598299181307	199.05868826962504
16	105	66	37	93.12794952370044	291.89660705328396
16	106	66	37	73.3516312165073	176.24557904380475
16	107	22	14	33.00216829751695	90.78245576134617
16	108	66	45	101.33701243641279	266.5579846377129
16	109	22	14	30.046514271874706	87.25769624133379
16	110	44	28	71.3865957737883	206.1534615619518
16	111	44	27	62.61210652644871	167.84165670779367
16	112	44	28	69.52627043694292	199.50530002118646
16	113	88	46	101.30336311912761	282.61696762533626
16	114	154	95	219.1507980995541	609.5798051772189
16	115	66	42	100.23472259483505	280.6613560086749
16	116	22	14	35.810074828266316	103.11139268951118
16	117	22	12	25.978060909963787	68.08483030967832
16	118	132	84	218.0224907235617	676.8084129376331
16	119	110	71	169.4001216507646	491.5125923114714
16	120	66	43	107.80884410576974	328.2579234688445
16	121	88	51	119.43348146382016	327.15153646174053
16	122	66	41	91.99819058033961	243.967515220505
16	123	22	16	35.8334318936804	98.77182870783223
16	124	44	29	65.41331679285128	180.43041165475248
16	125	110	73	175.91714664312576	516.9337690436066
16	126	66	45	114.34258750097024	338.22622409133965
16	127	22	16	34.2736657782402	82.82996768761305
16	129	44	28	61.66693195791464	157.33951286180246
16	130	44	27	77.6012098744023	261.78681372697685
16	131	88	55	142.15264425266554	430.2640322934168
16	132	44	32	74.25300954929183	194.4006660382173
16	134	154	102	245.23701909657294	700.5529167423467
16	135	22	13	31.756257563990676	81.37929742772782
16	136	44	30	81.09154899431117	257.35878752784816
16	137	44	28	70.88305531075373	213.99711777722885
16	138	44	27	67.35363103706726	198.90442426688617
16	139	66	44	113.15910454240449	353.5584968939502
16	140	88	61	140.1744774530163	372.4364381852591
16	141	22	11	26.580500024885545	89.85194464101362
16	142	44	27	73.47007641119299	221.12894837190197
16	143	22	16	43.847590781018546	135.8888107738341
16	144	44	31	72.48796263758035	194.85251652176834
16	145	66	40	100.01742173386556	298.5021566531831
16	148	22	14	35.338595993262466	94.54322225281855
16	149	22	11	23.36574643062132	55.52518269036536
16	150	44	28	72.22114694647652	211.1268501319854
16	151	22	16	43.12766798605358	143.6300219893437
16	152	110	77	195.80656193730835	584.7828130778059
16	154	44	30	73.2559647381225	220.1902656583648
16	155	22	15	33.78686861434866	97.82677381114695
16	158	22	17	37.705614687830284	96.19174543065657
16	159	44	33	78.94781855273347	218.79605309982333
16	160	44	29	67.52237240021982	179.9133606587012
16	162	22	16	41.92083208169877	122.84559689879372
16	164	44	29	81.06317756765776	272.1283480185827
16	166	22	17	40.123868362476124	117.39571025061021
16	167	44	29	76.84808373045745	245.81111734397828
16	168	44	30	75.01148602236073	233.83940455796494
16	169	22	14	32.87419879094504	99.30975510728894
16	170	44	33	78.74453094279124	231.73916184497725
16	171	22	15	42.67066110906168	135.4117562835707
16	172	22	15	43.253656403844204	139.90993552604584
16	174	66	42	107.99945651129062	316.39820194091743
16	175	44	31	73.43353418328238	209.60483159769504
16	176	44	33	88.07350245873354	291.0996925933506
16	177	22	15	36.62913753186084	110.68000946964955
16	178	22	17	38.27370093289304	101.72081601215089
16	180	22	15	37.27559821184149	106.89202283561289
16	181	22	16	44.013167898716816	141.3242146565014
16	182	22	16	41.031688261450064	119.30315047987442
16	184	22	17	42.49030793248265	138.98064465952515
16	185	44	31	85.11267766785606	285.4486314232949
16	186	44	32	75.89557489136762	208.93754041609523
16	187	44	29	74.42107398954542	225.29390659160035
16	188	44	32	79.47216545325676	238.4335360971738
16	189	22	14	33.84875162557002	100.04562797575801
16	191	22	17	43.0143251819039	122.15094040662669
16	192	22	16	36.989795756303515	103.43138826085908
16	193	22	17	44.48928740429356	138.7905802241503
16	194	44	28	74.8581537559663	249.65093355149045
16	195	44	32	81.50693972772741	250.66346044172153
16	199	22	14	34.26288687631898	98.67257888933513
16	200	88	63	157.02386748003246	479.4109695936136
16	202	22	15	41.222618515348536	128.1710381278566
16	204	44	33	85.53135432200229	247.90643416500396
16	206	22	16	36.214854208075245	95.77669375327955
16	209	22	13	34.77319783194776	106.35270993874838
16	212	22	16	38.04993454436981	106.13671529280951
16	213	44	32	79.61581144004234	225.29945250431132
16	214	22	15	40.59422604738954	135.43181646252006
16	216	22	17	42.58258057278494	129.66475674008268
16	217	22	16	45.331532918553705	145.3642912678447
16	219	22	16	43.022389120171276	143.22130283993994
16	221	22	17	49.74242423485233	164.9499861894991
16	223	22	15	43.76038414496833	153.82165960869563
16	224	44	31	85.73789360177028	284.3774929378137
16	225	22	17	39.46544655382675	106.870727594648
16	227	22	15	34.15634879572109	91.08777161347936
16	228	66	50	146.66570011823498	480.69598993094183
16	230	22	17	46.672118479506594	157.70080526190807
16	233	22	17	46.797965221095154	141.54945422905706
16	234	44	34	95.11849323300954	314.84715883750215
16	238	22	14	38.26339630398359	121.18920020062083
16	240	66	48	124.25218835235835	374.16182107191037
16	243	22	16	43.32621591861218	128.90160742404248
16	245	22	16	44.53583801740142	135.87700697848953
16	246	22	17	42.99698291363115	122.56362306211236
16	248	44	32	88.0560518318869	287.93418457449997
16	252	22	17	47.64973037146875	160.0973494339286
16	253	22	16	41.80167901352769	121.78771336942317
16	256	22	16	43.91833641824192	136.75246026860574
16	261	44	33	87.52049009687558	270.73261537087916
16	263	22	16	44.69006971028382	148.9930427018751
16	265	22	16	36.99390461134351	106.3171477978132
16	266	22	17	49.5189941872905	162.68797760968297
16	269	22	16	44.52152781103276	142.21973017268436
16	270	22	17	44.86845162521978	145.18096036621964
16	272	22	15	45.43276266537151	164.15771056898376
16	273	22	16	41.874820612729245	138.5487716468192
16	275	22	17	51.10465702876256	176.99092621730037
16	277	66	48	132.38461751157217	426.9667139212979
16	278	22	17	44.0795424656639	136.47414233802013
16	280	22	17	43.71826797905501	132.15074257015118
16	282	22	16	46.47670664410507	147.20426042205358
16	283	22	16	37.470014676834396	110.74552542152023
16	284	44	33	83.4720864435913	251.97795286693523
16	286	44	31	83.95834633669988	256.29235622443946
16	287	44	31	81.96314371620083	250.96966983726696
16	292	22	17	51.47580648863289	165.97781594872873
16	294	22	15	41.58154848509184	129.90397735336833
16	297	22	17	52.10123908678334	179.98655474980595
16	298	22	16	40.00861238634141	115.69916509259428
16	300	22	16	43.45945108545059	134.94188268942025
16	302	22	17	48.43139615823221	151.10538629258963
16	310	22	17	48.66906865429793	161.24742808900868
16	315	22	17	42.12589100671216	128.0635432295719
16	316	22	17	44.16016736296136	131.99224856642206
16	317	44	32	87.16906508688248	281.0736374730422
16	319	44	34	95.80311255261707	308.51162770934417
16	320	22	16	48.037934158677224	160.70082871580212
16	322	22	17	47.824191824819174	154.75402873459984
16	323	22	16	46.2395809213493	150.2392692636061
16	324	22	15	42.89245282728482	141.49901967107556
16	325	22	16	44.02594347160653	136.7351440052936
16	332	22	16	44.4422156580586	150.28560939733222
16	340	22	15	42.1119878230506	139.0140496058332
16	345	22	16	46.68045300618328	151.50843021807145
16	346	22	17	47.80094803851249	156.22280086327797
16	348	44	34	102.29129903865876	342.9583571403214
16	358	22	16	44.08172781011156	140.39954177114265
16	360	22	17	50.872182408739484	168.23360776835594
16	361	22	17	53.086072483338945	180.30381393066293
16	363	22	16	50.832927727553944	178.60997646832675
16	365	22	17	52.23623647426687	178.09614245895753
16	370	22	16	45.55389354639329	154.31346029193563
16	374	22	17	46.063906493361486	146.69938170288464
16	377	44	34	100.90359922144555	338.3115555714398
16	384	22	17	50.64049630829771	162.53873973850898
16	386	22	17	52.03033775893271	178.73708969355695
16	387	22	17	52.22634482296263	171.10870691924686
16	391	22	17	52.81787386363642	178.7633670068966
16	393	22	17	49.98446060605723	162.41868408739325
16	396	22	17	47.20324875754739	149.49740645743626
16	406	22	17	52.302467724529436	176.5965967823313
16	409	22	18	56.37625436961285	193.83877019235425
16	414	22	17	47.41390009782614	150.65988009379066
16	416	22	17	44.02908315472594	129.7831173887169
16	419	22	18	52.89806349586752	166.77175894972612
16	422	22	17	45.24724381931418	134.24304165526667
16	429	22	17	50.51708676924293	167.08089447098138
16	431	22	17	52.35605929581585	180.41471267683562
16	432	22	17	54.82462039112458	196.2146603295928
16	433	22	18	54.88999146223826	179.07738645200587
16	440	22	17	51.51936009464762	183.60854105389765
16	443	22	16	52.35509322893362	184.03942855237804
16	447	22	17	55.75996341377432	197.96258390708311
16	451	22	17	56.75269214890722	209.78553525693775
16	453	22	17	52.33028850216752	177.1257392629463
16	461	66	51	155.54772773086086	527.2341179083429
16	463	22	17	51.781509849798255	177.94050293889362
16	465	22	18	58.56166056661266	204.26636902238008
16	468	22	18	53.708425685803746	177.12626035525767
16	474	22	17	48.600726934103825	165.53759744906367
16	481	22	17	51.62031628563729	166.18934628333892
16	486	44	34	103.88346913265397	351.3083798880391
16	490	22	17	49.415054802813344	164.68378551657702
16	496	22	17	51.34300385404341	169.66458009184674
16	498	22	17	55.05162697634368	191.45498131999105
16	499	22	17	48.99886473384589	161.97138009136955
16	501	22	17	52.67898656917577	176.4161394194757
16	504	22	17	54.8539414592573	185.7252711047413
16	507	22	17	53.91826352785712	189.23342896491562
16	516	22	17	53.325485570967814	180.90458192080087
16	529	22	17	57.419900088047456	209.24523513036476
16	546	22	18	57.72966976677995	200.61446097119494
16	551	22	17	53.324978851534425	182.1212883021404
16	556	22	17	49.564673610581494	156.1326194108254
16	561	22	17	47.34138565723734	145.60322507648917
16	563	22	17	54.38123586829876	188.46690008011544
16	570	22	17	56.66855289791716	201.91150419867955
16	579	22	17	53.3333275042102	186.37021848627052
16	584	22	17	58.30017106742088	216.97187627688686
16	585	22	17	55.70301856243399	198.3983334561316
16	591	44	34	108.00831319043117	372.6471199181799
16	619	22	17	56.78665747979059	203.73854349029992
16	625	22	17	52.88216933074043	184.6667919284801
16	648	22	17	53.88161775794433	185.23222528781668
16	652	44	35	116.1181287968643	421.2708265030082
16	712	22	17	55.75050548992108	200.85940267438178
16	736	22	18	57.68371291223456	198.94433699844643
16	749	22	17	57.19782438825237	208.25959159122897
16	781	22	17	54.13943476074077	189.31178959628875
16	815	22	18	60.235433917195515	221.02873571710603
16	856	22	18	60.331674069648805	216.0798398675879
16	865	22	18	60.94131005299987	222.8726958739622
16	866	22	17	59.74694172056269	225.30101973393104
16	872	22	17	58.98698083575067	221.7024891495749
16	932	22	18	61.90838552133115	230.88143283478087
17	0	495	0	0.0	0.0
17	1	25845	813	2353.2882416208877	7991.1852360270605
17	2	11535	600	1554.4795208955468	4904.9189339020295
17	3	7005	543	1330.9928616051961	4014.645077525939
17	4	4845	516	1215.4391558822945	3613.947276290115
17	5	3660	459	1060.0027363475679	3022.51285167247
17	6	2430	344	777.6901151301809	2270.2113646850667
17	7	2160	426	949.6597142740397	2679.472129677236
17	8	1725	332	737.758373814811	2036.894974739676
17	9	1695	333	693.6621420761231	1817.8246464869123
17	10	1515	377	809.5143838177587	2213.7037362469464
17	11	1260	292	655.8911674921642	1807.8738058911438
17	12	1035	245	489.616279430501	1286.9541864870873
17	13	765	190	403.7801099501719	1119.1549916561057
17	14	795	219	473.2526320319339	1271.160724081296
17	15	735	211	458.0462750313871	1275.9916188268248
17	16	705	243	519.4372261260141	1409.2846936476915
17	17	375	135	318.7018216525748	892.5794203332537
17	18	645	243	521.0710780334701	1386.776543684021
17	19	510	164	333.5172477192416	913.2122682731062
17	20	600	216	453.8807114220863	1211.0812319085287
17	21	555	202	440.72137975851297	1218.9873931321104
17	22	405	140	300.0228092275639	810.8310307811025
17	23	300	124	272.5311283455487	737.3438091924868
17	24	285	110	226.49079432338192	572.4123943271936
17	25	420	165	347.01270798497717	904.9424800569799
17	26	375	165	355.4205658399352	945.3142349750192
17	27	270	99	200.76893060493512	533.5854854681452
17	28	375	182	376.8952372767294	957.5923347015389
17	29	225	96	243.93100477441953	704.0674429583119
17	30	300	142	308.8581263281793	842.4197255916253
17	31	165	76	173.39016175433784	470.69016065703613
17	32	225	95	190.63981208162573	498.105870688001
17	33	270	117	249.17152172364422	666.9174903204035
17	34	180	84	188.21998657962325	503.7679087691722
17	35	120	45	94.77628454524184	264.06370343079686
17	36	210	108	234.66942049670962	626.6281218582933
17	37	195	103	244.93479622033982	708.3902956549429
17	38	135	62	129.63736322645119	337.27093817208544
17	39	270	139	313.1952754636588	849.3204133154159
17	40	180	80	176.31436710957465	481.98748895463837
17	41	120	64	149.6146240218754	423.0877412797947
17	42	135	72	162.0593097748739	433.248029901995
17	43	135	75	172.37688944436414	469.2292607870827
17	44	165	89	190.8745318152269	504.0513795148038
17	45	120	62	147.10704673953535	414.6424901568437
17	46	165	99	226.21183022459644	625.3916657695825
17	47	135	81	209.9770324572077	609.1842929752991
17	48	90	54	132.49217301264437	367.180225661605
17	49	90	54	117.32934813441855	296.8551780873694
17	50	45	23	46.864380782222675	117.10877300856403
17	51	150	91	208.66675398840368	567.9959286559729
17	52	195	106	235.87928511862307	617.3650620070546
17	53	150	89	215.77308456122395	587.4779062835378
17	54	150	82	181.07934266318418	489.9008541993421
17	55	150	83	195.01085823195461	540.9457168555253
17	56	90	49	113.64583354112625	318.0348174287269
17	57	105	56	123.70489763939217	332.0593368972266
17	58	105	65	145.96060390373327	387.18140895833324
17	59	45	29	68.55902852665392	183.17219721539342
17	60	105	60	145.53043114280206	416.29333364607754
17	61	15	8	16.783691344744394	41.27113059543909
17	62	45	28	70.34756670971794	204.83944668820527
17	63	45	28	69.84416641299775	199.10443168333765
17	64	180	105	264.8756979679757	754.2550804376737
17	65	105	63	157.67040318525002	451.71163252607454
17	66	90	52	117.62017962647238	316.23418640300247
17	67	60	39	94.6482002920132	262.1111423669111
17	68	120	83	204.80146326548675	574.7137211602744
17	69	90	45	99.45849620509335	247.4278266901884
17	70	60	40	102.78164838302034	304.2375298801463
17	71	45	29	65.1042737990106	168.5985870950002
17	72	105	56	143.75076821393316	419.47269891601013
17	73	75	48	119.97783590250671	347.1319108591167
17	74	45	27	67.42884591600131	191.29552275419522
17	75	75	41	99.8881221922568	292.8691609501944
17	76	60	36	87.18505707413361	244.22919300139694
17	77	75	52	123.88634583798517	342.77274442429496
17	78	105	58	130.44499953995404	359.45021179558586
17	79	75	49	120.02532527431651	337.49244032413736
17	81	45	28	69.60864398761052	195.69391833802675
17	82	90	55	137.52603476116877	394.1729317291335
17	83	90	58	145.4472692375507	411.71135761283995
17	84	60	37	89.76074866665779	246.46699763310986
17	85	75	57	139.85901136250826	394.97934299691013
17	86	60	40	102.34154097005363	296.0266799220553
17	87	105	66	173.2934776951256	517.883084200735
17	88	60	38	106.22810654186068	321.55713844683356
17	89	75	53	126.96916200994076	341.65636729442974
17	90	45	28	66.6459391354869	202.0931758881506
17	92	75	50	123.28569399090664	344.1380742943332
17	93	60	40	109.88407831715712	336.16865771737866
17	94	75	44	110.19146298695823	323.6195180744284
17	95	30	21	59.301860162773735	183.09194368078772
17	96	60	38	101.19636266832833	299.0586896540952
17	97	45	28	73.58074225662583	213.70759072719622
17	98	45	30	72.56042299683358	205.98399784594744
17	99	75	47	115.93355392385138	326.1788513229396
17	100	15	12	33.37305972965896	97.21207977452373
17	101	30	21	61.49535972956728	196.57788012538708
17	102	45	29	84.435871019152	269.93206005010654
17	103	60	36	87.85180026761891	248.9512097077775
17	104	30	22	53.35604103497154	150.79754571217728
17	105	45	29	71.16244685400089	195.37690538969838
17	106	45	31	77.70860201648878	218.96213483975774
17	107	15	10	24.342585231794956	65.83344931419529
17	108	45	29	76.33318196000714	223.72178404987446
17	109	15	10	24.601363269422315	66.66721448257873
17	110	30	23	60.4045720091619	178.59566733595986
17	111	30	22	56.74541032496591	160.66337517003123
17	112	30	20	56.63135737698407	178.98487154243531
17	113	60	44	115.38749313733669	333.702922300775
17	114	105	69	182.5209133531827	539.1761692360086
17	115	45	28	78.33028676596858	240.3983574539608
17	116	15	12	34.55702751580186	104.8437611438369
17	117	15	10	27.43828798067605	82.7650925003208
17	118	90	59	159.27911414527074	471.41746133284846
17	119	75	53	138.52265553758298	408.66446301757657
17	120	45	31	84.53650176477898	248.3181970723053
17	121	60	36	93.40189691590042	271.2010944819522
17	122	45	29	73.2531121303893	209.32334262495436
17	123	15	12	27.775493378602643	72.50370723052727
17	124	30	21	58.374566013226755	177.21426833747174
17	125	75	54	139.65413041117293	402.8161843526882
17	126	45	34	92.1756939208435	279.50318363910554
17	127	15	12	31.089759444653822	94.75229614355243
17	129	30	24	62.37081938199852	177.69870286272933
17	130	30	24	64.43029984643616	193.39494937597726
17	131	60	45	127.03631969557655	384.81408149622314
17	132	30	22	61.011787493902176	184.18247146848617
17	134	105	75	198.58442012919022	582.5880801833259
17	135	15	12	34.35815884712032	103.35669650348595
17	136	30	24	59.76746096152893	162.95125736685975
17	137	30	21	54.2858900477931	152.98750091277063
17	138	30	24	61.633494097248885	179.61617299777083
17	139	45	29	77.27355025798964	221.18203296954673
17	140	60	41	107.54873345775097	317.35899955978084
17	141	15	7	20.39886796790868	71.19828626144299
17	142	30	22	61.66207781807974	181.1367504618643
17	143	15	13	38.023110944126195	120.70733177837124
17	144	30	25	68.99060427393101	214.17208044135634
17	145	45	32	85.77134867450059	261.21069940454134
17	148	15	11	30.141370758554213	94.91396443525416
17	149	15	11	31.819994132029265	98.47104997213866
17	150	30	22	60.211154954262376	183.7110397340721
17	151	15	13	33.64761210122871	92.49460613931774
17	152	75	57	157.82026178223634	482.321616622213
17	154	30	22	62.30993434755913	194.56638987665718
17	155	15	11	29.115146618108422	87.00963853672269
17	158	15	13	37.40892140915168	117.87709565675202
17	159	30	24	65.96918739723606	195.91389509552766
17	160	30	21	55.83076023476177	160.35338591949727
17	162	15	11	28.954617435621042	90.8526337420352
17	164	30	22	61.39358427205171	189.36590819612547
17	166	15	12	37.38731423520721	122.0628584718962
17	167	30	24	66.6955904144588	204.96601353866131
17	168	30	21	57.73545568908503	171.41180438967052
17	169	15	13	32.97274202346951	97.25447121039403
17	170	30	23	67.87403965823358	216.05275313621758
17	171	15	12	34.25023342676406	104.82784927117577
17	172	15	12	35.168374127126114	114.82214533301736
17	174	45	35	107.01929469708053	349.7447895179647
17	175	30	26	68.32941966883583	201.7572121305879
17	176	30	25	71.9386319421085	221.06477978161018
17	177	15	13	35.716168271212005	108.27138763391214
17	178	15	13	37.28843598549262	116.42727788620607
17	180	15	12	34.66221978811324	104.64278685576853
17	181	15	13	38.07906415463742	122.42315205882763
17	182	15	10	20.336911122775117	53.58053145944312
17	184	15	12	33.54388601581653	107.15664611927785
17	185	30	24	64.16192280045239	200.26618335532007
17	186	30	23	61.81944338434756	181.71180336325503
17	187	30	23	59.46299978343422	177.69824382421223
17	188	30	24	56.29560229551408	161.70691649280153
17	189	15	10	25.588649725329823	76.39462952179451
17	191	15	13	36.03475593251793	108.04488142737063
17	192	15	9	24.367691067182374	71.70644508266128
17	193	15	8	21.629205714778262	65.32558779926008
17	194	30	22	56.73404822049679	161.97457737537852
17	195	30	24	66.27710581656984	200.8438284596055
17	199	15	9	26.003188482534114	82.23671258055013
17	200	60	41	113.20995482906228	339.427558297947
17	202	15	12	37.218667595412654	126.95396887996938
17	204	30	25	71.04471454129546	220.30406845309503
17	206	15	14	38.77703862721287	120.08792796907997
17	209	15	12	34.465602983934126	106.3220450508073
17	212	15	13	35.93988406432512	110.22006849978264
17	213	30	23	68.64060980560046	217.4232350705348
17	214	15	13	37.2655107107644	114.4367561975381
17	216	15	11	29.653475358195053	93.30838639636718
17	217	15	14	36.254991269122456	105.73442681311863
17	219	15	10	26.25110853709766	73.11775081247484
17	221	15	11	31.28692939076313	91.50087193425992
17	223	15	11	33.12508452768992	105.2201650580843
17	224	30	24	64.85641003785109	194.50508582272033
17	225	15	12	34.49035180025959	102.9294510926266
17	227	15	12	35.85446491811211	118.4692500859502
17	228	45	36	105.23085609801417	326.2512763517887
17	230	15	14	35.61860481930187	102.1188175795576
17	233	15	9	28.365612056665434	96.3212382311624
17	234	30	23	66.52797094352705	208.55073213869673
17	238	15	11	28.978818648562697	85.90368602581661
17	240	45	40	114.83799000008709	359.82171146528884
17	243	15	12	36.96013400989962	118.32321791893074
17	245	15	10	29.46155852227587	97.76873445391281
17	246	15	12	36.17422856536237	124.01911491550521
17	248	30	26	66.64728086969573	196.4871304621856
17	252	15	12	35.57915132712289	110.15755076143769
17	253	15	13	34.94239329961865	101.5691006869865
17	256	15	9	29.298772861042387	99.4839597755791
17	261	30	25	70.00260854671804	221.09506174076625
17	263	15	12	35.52625310157477	115.11582684152818
17	265	15	11	33.18517669944284	110.01088386797718
17	266	15	12	34.15046030082983	103.43053425495744
17	269	15	13	37.89564127885509	119.79620884109224
17	270	15	12	36.91943610716749	119.93817998115856
17	272	15	12	32.1020582782596	98.29804292700449
17	273	15	12	31.96273878740279	97.40225959103293
17	275	15	14	38.48822741408271	120.69029697674705
17	277	45	36	103.31633056032969	325.8061409078666
17	278	15	13	39.995169558173245	131.06323014128574
17	280	15	13	38.626202983761836	120.05023799095767
17	282	15	13	40.973262356353366	133.494368889494
17	283	15	12	29.440390843951466	82.14379122928565
17	284	30	26	75.88077121851818	243.06305416812174
17	286	30	21	64.33216237889056	210.72168737754313
17	287	30	24	66.52832765525594	207.08889274289095
17	292	15	14	41.80477276446287	134.9747146392771
17	294	15	13	40.29046638890861	136.5548166485632
17	297	15	12	36.12422480611389	115.76365329797595
17	298	15	13	36.41459474368763	115.10130426001064
17	300	15	12	33.00278686561779	100.17844584506783
17	302	15	13	36.08472434195926	109.41330301617414
17	310	15	12	34.89859385919577	115.18866902724247
17	315	15	13	38.317742915564914	120.3087950597802
17	316	15	13	34.55471708159754	101.91471785388319
17	317	30	25	74.03703729863354	244.2328542811872
17	319	30	26	73.48712976378235	233.86056030138653
17	320	15	13	34.807435462465435	112.23479684980524
17	322	15	12	35.6036962156495	117.457832372143
17	323	15	11	30.199606588607228	94.76564855761485
17	324	15	13	39.011053987072025	126.55512135077066
17	325	15	11	33.481417384663985	108.04976120125063
17	332	15	11	29.352933191957646	90.84733315438726
17	340	15	13	39.43821864956475	132.16446872753477
17	345	15	14	42.69388549194557	141.15637954516959
17	346	15	13	38.18829616735212	123.44834337309227
17	348	30	23	68.04390983379082	213.48583697532086
17	358	15	13	35.44175038338642	114.6935034923506
17	360	15	14	44.96609017862761	158.42673406122387
17	361	15	14	40.33034441604292	131.9127429841706
17	363	15	13	38.74533985597675	127.59728734025458
17	365	15	13	33.00569220330536	102.7028684713339
17	370	15	13	42.21550999471976	150.79838554454267
17	374	15	14	38.470097345244355	124.36425363066517
17	377	30	28	79.63173297417553	263.5479627726912
17	384	15	12	39.17325376403022	136.20825446336204
17	386	15	14	36.868850700164245	113.01628828583308
17	387	15	14	43.88338859813647	151.44751355840094
17	391	15	13	38.222010800469775	129.67943884386844
17	393	15	13	37.58813962198186	119.43223400676284
17	396	15	14	42.14924794562595	138.3209407983732
17	406	15	14	41.775574082018245	135.75612361819904
17	409	15	14	41.789786188985296	143.87852973347
17	414	15	14	42.374478067675476	141.2180523203633
17	416	15	14	40.0985792491485	126.16834057418754
17	419	15	13	39.75278745493197	134.53499707853337
17	422	15	14	41.60725011737073	135.69286338589723
17	429	15	14	40.19236452413691	134.12338877003577
17	431	15	13	36.297136057038564	113.69274708492513
17	432	15	14	41.59514288478267	133.98378196340144
17	433	15	13	43.37670338136815	153.08285448095208
17	440	15	14	40.685257711549845	129.22662139053926
17	443	15	14	39.13020390758656	125.69563485950303
17	447	15	13	36.840298024842426	129.01016741241284
17	451	15	12	36.37567240333779	122.88196391344229
17	453	15	14	39.51541336716398	133.09236065046565
17	461	45	41	115.15744407013653	368.6242299656152
17	463	15	14	45.36519471890785	160.6315473383198
17	465	15	14	44.98506100290073	158.6607153482153
17	468	15	13	39.67108734308264	130.74761897693475
17	474	15	13	41.223935864217296	139.8038441595098
17	481	15	14	43.88444103630454	150.72187910547194
17	486	30	27	88.92001892083692	314.8841048972795
17	490	15	13	42.81510547654368	152.87212170438815
17	496	15	12	37.771548967517916	126.40582444215163
17	498	15	14	41.31089366865303	141.58471352002803
17	499	15	13	42.00603587784326	144.630474761433
17	501	15	14	39.976750599392595	134.25479962188402
17	504	15	14	45.31772131460421	161.645945888206
17	507	15	14	43.35644004678575	148.1396658501902
17	516	15	12	40.47127442331036	145.861408931272
17	529	15	14	42.90501581861745	150.55467400302913
17	546	15	14	45.232670239749105	161.9678095895985
17	551	15	12	40.60231476618961	144.4989149996446
17	556	15	13	42.676242459408	153.05526188082152
17	561	15	14	42.435069354121055	146.6534020397561
17	563	15	14	40.3311695321119	135.0564360735621
17	570	15	13	43.460304645348884	153.4952971819611
17	579	15	14	42.780768833418485	143.9113067766398
17	584	15	14	44.387754304175814	154.90793373251728
17	585	15	14	41.533925242262264	143.71524530689405
17	591	30	28	87.58824105330554	302.3284887908612
17	619	15	14	43.224037171603676	151.34384254127048
17	625	15	14	44.06129338134043	155.86828408390568
17	648	15	14	44.54812871408142	157.22210283090885
17	652	30	28	91.55593604550866	329.9974641809009
17	712	15	14	43.923397392836584	152.17359281769848
17	736	15	14	44.561612483878015	160.33296111125657
17	749	15	14	41.42284035920806	144.30327003481077
17	781	15	14	44.55486174311019	159.57783721729572
17	815	15	14	46.29328852005493	171.53672334286958
17	856	15	14	46.25571956425193	173.2996738374167
17	865	15	14	44.575141078435294	161.1325294432057
17	866	15	14	46.04318682530133	169.80045684039666
17	872	15	14	46.66604497738721	174.2258249129184
17	932	15	14	46.108873548771165	170.07184224807628
18	0	462	0	0.0	0.0
18	1	24122	496	1975.9727952162293	8389.206243806932
18	2	10766	370	1313.7731006750378	5066.041475105013
18	3	6538	333	1133.4514520631324	4229.394893634395
18	4	4522	308	1028.8036539081575	3757.7645684469517
18	5	3416	320	1026.3522774572848	3622.709281908969
18	6	2268	205	659.3941092935052	2335.4030840219207
18	7	2016	259	774.8411733887331	2554.9728028044774
18	8	1610	226	730.4021020197583	2613.621820218319
18	9	1582	202	609.3653036033077	2060.2665445734674
18	10	1414	247	736.9860393400452	2436.121604644917
18	11	1176	197	588.7442326090381	1953.9956264561345
18	12	966	158	472.0628320477986	1578.1759871261215
18	13	714	132	380.96081289339116	1263.6179414475096
18	14	742	155	445.5185691359598	1438.9037315969153
18	15	686	145	421.8782360016678	1382.3304808207868
18	16	658	163	493.72037187308433	1676.5971329021718
18	17	350	94	260.2984549257932	797.9667369422829
18	18	602	155	445.7482346937105	1418.2281758168199
18	19	476	103	281.43999523784294	890.1409236030563
18	20	560	159	428.86272759453067	1305.3271847980077
18	21	518	121	344.2776498555103	1117.7979745057805
18	22	378	102	303.2208552457922	1014.9389901174052
18	23	280	96	260.32995358582014	811.9819376527558
18	24	266	80	229.98536113441745	721.384635659648
18	25	392	119	325.93641881395706	1015.9023351299923
18	26	350	141	376.9716281718845	1134.798941372063
18	27	252	88	236.45293210449083	733.472505259464
18	28	350	152	421.0834587266421	1286.9987990490417
18	29	210	80	215.8713611222272	650.234156601572
18	30	280	121	336.1186675217135	1060.7650748759152
18	31	154	58	165.5963591464206	528.9665215577302
18	32	210	82	224.5610153515638	684.3802776931828
18	33	252	100	285.6972728611153	887.4749343028186
18	34	168	68	175.0395055464044	503.10702389682217
18	35	112	30	83.40157459321327	247.95535248463977
18	36	196	91	259.6087567415087	843.8628888206979
18	37	182	91	251.5994876951227	782.6079842232323
18	38	126	54	140.61203785513936	404.2937868292128
18	39	252	105	297.21411144525325	968.1570378868175
18	40	168	63	175.63860307337714	555.9902314343869
18	41	112	59	162.65954186499656	506.72712794371535
18	42	126	54	148.70666932324934	465.53894261415724
18	43	126	62	174.3595307159742	551.7975729447508
18	44	154	73	191.61917279210752	577.9079988454857
18	45	112	61	162.0293271621884	469.0381076488669
18	46	154	71	193.6345840631447	601.0423759977998
18	47	126	58	164.7277637300885	522.9573299849693
18	48	84	39	106.17298774599126	323.7557361557359
18	49	84	47	129.99659221399511	399.00145758047773
18	50	42	19	49.40975866615318	145.85574146378406
18	51	140	77	218.585475470279	691.3998344272145
18	52	182	91	245.79573692458865	732.0596161838571
18	53	140	73	209.12260873926138	658.8332047785575
18	54	140	64	173.3966460761141	523.0834921491298
18	55	140	75	203.71683385108216	619.8895783167086
18	56	84	37	99.5548497429289	307.2676476466627
18	57	98	52	139.70720785390824	402.6718614725701
18	58	98	52	136.96709058860995	408.19354346880846
18	59	42	21	60.45430485569338	191.7604924934751
18	60	98	57	158.5262824946139	497.6417450397915
18	61	14	6	18.18507405504949	57.58479344130275
18	62	42	30	82.29149674572608	264.1767496706814
18	63	42	22	56.023961564613664	161.92216747041476
18	64	168	94	254.01377997253047	782.3264830378627
18	65	98	64	172.22755418202954	522.7831528130907
18	66	84	45	119.51114313843395	350.2406896108182
18	67	56	35	91.44663934220866	267.41089324711163
18	68	112	68	197.27363000250187	619.0274660412465
18	69	84	50	145.12857142829208	457.972662212823
18	70	56	40	115.33169820216531	368.00268898960684
18	71	42	24	73.4380531276052	244.1434049911816
18	72	98	49	134.74980837505205	430.13786230473784
18	73	70	41	119.9500493531697	381.8263112835115
18	74	42	23	65.33803929043412	209.50604497095054
18	75	70	48	122.7117838796981	355.37873553211557
18	76	56	38	105.4389776139165	320.52633212454356
18	77	70	40	109.85020861843282	337.60859845646576
18	78	98	54	151.07817829404522	476.13484520492364
18	79	70	46	134.83558200587268	440.85901845663386
18	81	42	22	55.34597044643381	157.7991549620234
18	82	84	53	145.78343282548826	445.1291441078858
18	83	84	55	159.4096568023114	505.48694547788364
18	84	56	33	82.65129787816872	236.155200610083
18	85	70	48	132.69992601787976	415.51899997367025
18	86	56	30	85.85607070643962	262.36979203380963
18	87	98	64	173.20402413839636	516.408963580275
18	88	56	37	109.73435852078171	359.3049806805473
18	89	70	48	134.35970829274706	413.01583727484183
18	90	42	28	85.5148669534334	290.9632483384659
18	92	70	45	123.14981790183194	370.8412386568768
18	93	56	37	104.51033398705124	313.2133516731536
18	94	70	35	103.9873803184082	343.29259646337766
18	95	28	20	58.56160635481764	181.11801302199348
18	96	56	40	108.06438197367092	327.26909267874873
18	97	42	26	74.5414079875419	237.12350991979676
18	98	42	29	88.69669025694945	295.3311232962693
18	99	70	51	145.04435632687304	461.05091723317173
18	100	14	7	22.056980893767165	73.99528382194585
18	101	28	20	55.60628368568628	173.98412709578005
18	102	42	29	87.17467650832552	293.33150815303657
18	103	56	28	72.33196186739085	218.3504644372689
18	104	28	22	64.0402294256556	211.4868645656728
18	105	42	27	74.14891655409144	225.3312076584256
18	106	42	22	66.23770095449677	210.89905818870335
18	107	14	11	28.75485131692401	85.45740948033696
18	108	42	26	71.26659258914655	210.68691784204702
18	109	14	8	22.124881550274807	67.60791520390595
18	110	28	23	65.51478673693619	196.92608558345907
18	111	28	17	50.28658962784686	167.00771664276607
18	112	28	21	59.278317772777484	188.03109581971847
18	113	56	38	98.85978638933301	296.698441910037
18	114	98	65	179.49610951361535	551.0615904466886
18	115	42	28	70.56541114314588	197.6241431020527
18	116	14	11	29.356037894190763	90.14646999135405
18	117	14	9	26.600277944460277	80.03376606493934
18	118	84	59	157.40270193856787	479.6411189158915
18	119	70	45	126.2604721450512	387.7966595589393
18	120	42	30	79.66655028645681	244.22455501052866
18	121	56	32	90.2484402798762	285.525281678575
18	122	42	30	84.50611979857175	271.42740826294755
18	123	14	13	37.42704424214043	120.2058246324769
18	124	28	20	56.25249280386056	181.74758373510556
18	125	70	50	151.3147092475504	498.8898442366934
18	126	42	31	84.43686522162776	257.04110636991464
18	127	14	10	28.016367050835765	83.26205925208886
18	129	28	22	67.27094555180753	228.60438045290724
18	130	28	20	53.26693797053933	154.78489557735872
18	131	56	33	101.79452124240305	333.74937415101294
18	132	28	20	54.31778909821043	166.48641829842717
18	134	98	68	196.20943643909646	624.808356753596
18	135	14	11	31.43980859594209	100.6797813612869
18	136	28	18	56.77803734827313	192.23558254941233
18	137	28	20	54.82600148718116	163.486909290779
18	138	28	17	54.64271147098142	185.64529201576295
18	139	42	32	93.73900357002101	307.49617176182596
18	140	56	42	115.05021325870129	354.76508054403547
18	141	14	7	24.990783834141972	96.35022645791229
18	142	28	23	59.21653345066317	167.5582442663933
18	143	14	10	33.16475243556335	113.6028909179094
18	144	28	23	71.55002883214675	246.59321911473992
18	145	42	35	100.56516472918159	319.55938615144515
18	148	14	12	33.0552259844354	98.97340308634367
18	149	14	9	22.64185468877136	63.12975354567888
18	150	28	22	64.45557764431331	201.0350643512929
18	151	14	12	30.356835268688943	84.91933219746655
18	152	70	52	151.3485740533009	485.65554361158695
18	154	28	22	64.46096709614046	208.67307652895545
18	155	14	12	36.542004101320714	125.80758410595908
18	158	14	13	39.17781738824426	132.6625417309525
18	159	28	21	59.31599976253287	179.90476030622725
18	160	28	24	71.52186442908057	234.34178546323315
18	162	14	12	37.7068523212226	132.02682418203526
18	164	28	24	68.7576870441141	216.46668522853952
18	166	14	12	35.92917667706202	116.41677875887379
18	167	28	25	69.32017209140879	219.06454353078948
18	168	28	23	62.7927577499577	192.55009872999602
18	169	14	11	28.531799270757745	84.7155313288238
18	170	28	22	63.15060739112706	202.28486636659122
18	171	14	11	33.00992473006909	103.84594926286951
18	172	14	13	38.07494528240095	123.46198292968106
18	174	42	33	100.84621606922632	342.36807265870505
18	175	28	25	66.66110457902073	203.191774157953
18	176	28	23	63.51968416757245	192.3310656377164
18	177	14	12	33.72447144735377	105.2920730580008
18	178	14	12	32.80023046895278	102.68259353741696
18	180	14	9	27.422555109416244	92.39769027896145
18	181	14	11	33.076015028445106	103.46582492982897
18	182	14	11	28.58365040790406	79.33737059202784
18	184	14	10	33.64507360947334	118.62209188515092
18	185	28	21	60.50639155981109	197.76683077875745
18	186	28	24	69.61898601518904	221.57955647583694
18	187	28	22	58.91861036637125	185.73005600775463
18	188	28	22	62.66139130189872	195.11757517360718
18	189	14	8	24.758866328426762	80.30004836583693
18	191	14	12	41.1318968127216	147.06409400052044
18	192	14	11	34.49566541088494	122.06885188454063
18	193	14	12	32.516327592352994	98.94022436512843
18	194	28	24	72.36721075545009	240.88982157036534
18	195	28	22	63.9367173531805	206.6699407928393
18	199	14	11	29.9766529499034	88.83420818858377
18	200	56	47	140.5105243597045	471.26707605672993
18	202	14	11	33.93333886545928	114.18194084766046
18	204	28	24	72.42907831406215	239.06709050650198
18	206	14	12	40.08032587375304	141.1111347028123
18	209	14	11	31.236119948986005	100.56474790039391
18	212	14	12	39.42902326359615	135.07101333663482
18	213	28	23	70.9957552418271	245.32509642445797
18	214	14	11	33.16859400514131	112.2564525460796
18	216	14	11	34.1355911030832	110.50802146925494
18	217	14	12	32.7825034871589	101.39510497104254
18	219	14	12	33.93758175841622	110.56680632121449
18	221	14	11	35.2768029229254	124.5093025711661
18	223	14	12	34.89008389466932	117.57376019774621
18	224	28	23	69.68702610414434	233.11811057412723
18	225	14	10	31.14984497480756	110.64069100016462
18	227	14	13	41.459372313684106	144.52210830307976
18	228	42	37	113.977874556453	380.1758399810658
18	230	14	12	32.60581677698221	101.81621000521922
18	233	14	11	32.29751422191443	109.34540581735605
18	234	28	23	78.11673619731329	276.96891939785405
18	238	14	11	29.576514556333183	86.40112009273778
18	240	42	37	106.9130007076486	352.67543308915987
18	243	14	12	35.06254716033421	116.42532780052396
18	245	14	11	33.80277355527689	113.43137006199724
18	246	14	12	37.24114653462902	130.7969853618712
18	248	28	23	65.12658885745641	213.25923035682573
18	252	14	12	38.03082738130259	133.86751331520207
18	253	14	11	34.937725311695296	118.7351855783047
18	256	14	10	30.434588636442612	102.4348401738861
18	261	28	26	80.78016308692139	280.02835609369043
18	263	14	11	30.256843282764343	91.28986235418081
18	265	14	12	37.03091724902594	127.72720349156161
18	266	14	13	37.43452709182895	121.36167963834458
18	269	14	12	33.72303841940662	108.10557369977117
18	270	14	10	31.561926060455555	114.32276697727592
18	272	14	13	39.03011368319749	131.9388067642808
18	273	14	12	34.152722921831334	114.79453215706995
18	275	14	12	34.33619084197048	108.09275329347089
18	277	42	34	96.5973058621691	318.1400851156872
18	278	14	12	41.25007987461013	154.4289411930212
18	280	14	11	37.60050849829885	138.76043508945648
18	282	14	11	35.628048036623106	124.50154001961268
18	283	14	12	39.5482388813621	138.77004626120828
18	284	28	25	75.2557016394866	251.4921485357701
18	286	28	24	77.76035454185966	274.75062946884015
18	287	28	23	67.50127851116815	220.97767975013446
18	292	14	13	36.891972866910265	116.86420927270896
18	294	14	13	39.668564780475	140.50149701464002
18	297	14	12	37.95924967919378	135.1476315923553
18	298	14	9	29.137403384577233	105.80096649843621
18	300	14	12	41.824524668179826	155.07771859295346
18	302	14	13	38.91457038348608	127.53319199831803
18	310	14	11	37.18627690355223	133.56128767137582
18	315	14	12	33.3905104152176	104.37822438522265
18	316	14	12	34.31905741178194	113.2290755089635
18	317	28	24	77.41641768226695	272.870242241266
18	319	28	26	83.88564950880856	299.27072805786645
18	320	14	12	39.54671961232187	139.7274850965342
18	322	14	12	33.79059092148861	106.96620751302447
18	323	14	12	34.83473304672716	111.68167966901221
18	324	14	12	39.0559416483654	140.3395669018097
18	325	14	12	39.67323530591032	142.35309600969018
18	332	14	13	40.84343296945146	143.18069478258377
18	340	14	13	39.51670700603305	137.2293375876686
18	345	14	13	36.62612254256628	118.10234958240491
18	346	14	11	33.70410672648983	119.2590647346755
18	348	28	22	74.00131088858915	260.6313431231358
18	358	14	13	39.81650742507863	136.72379335721087
18	360	14	12	37.70410474285169	131.12476366590914
18	361	14	13	40.34849129929907	139.51728857139017
18	363	14	13	38.50448462819565	127.94424698516237
18	365	14	12	37.3604959454494	127.25927667865258
18	370	14	13	37.97967602610283	122.91261866203611
18	374	14	13	42.654212507281954	155.28861213219585
18	377	28	26	81.61590672117421	286.5282453250538
18	384	14	12	40.5655072407408	143.84326036956887
18	386	14	13	44.10725025461644	164.00726939435265
18	387	14	13	43.336454532633574	155.68645085161242
18	391	14	12	38.99928716542532	131.68018688694394
18	393	14	13	43.4589595223988	160.62578065376252
18	396	14	13	44.35573143172967	168.41956411211802
18	406	14	13	43.119393444471825	158.23849668019125
18	409	14	13	43.96717018303749	157.11099009622768
18	414	14	13	41.258729415005575	149.26416198278469
18	416	14	13	39.96278259331437	140.63315286226216
18	419	14	12	37.084590133744626	130.15923000717729
18	422	14	13	40.89364059115804	143.68864664946423
18	429	14	13	42.02103846981193	150.0388583875601
18	431	14	11	40.094579933440194	154.27704587429528
18	432	14	13	42.49788297895868	157.54193157947117
18	433	14	11	36.48275633755796	133.60305472292256
18	440	14	13	39.68785214075106	142.30811425687884
18	443	14	13	38.26553568640963	127.28068439954758
18	447	14	11	38.29541408698018	144.61309076883472
18	451	14	13	42.531158341370904	150.03840891590673
18	453	14	13	41.31389082624591	151.57996787107987
18	461	42	37	121.0712144821812	436.9608723978582
18	463	14	13	44.15461144434026	165.52874720115125
18	465	14	13	44.14330892279858	160.58041963394533
18	468	14	13	41.96442377325368	145.68637747599314
18	474	14	11	33.765937435509024	110.23240622251899
18	481	14	13	42.806522743734504	157.69334922402075
18	486	28	26	89.13592458523976	327.1527747680571
18	490	14	13	43.79517433009035	160.83100965633747
18	496	14	12	40.39067789793193	149.92724376406446
18	498	14	13	43.50472230329109	161.34402559410097
18	499	14	12	42.13730483312885	158.7458307559433
18	501	14	13	39.157220716439824	135.4170817412897
18	504	14	13	40.596479620133096	147.85571424834387
18	507	14	13	41.35611434754491	147.3058130616396
18	516	14	13	43.179471625547905	156.57530455560584
18	529	14	13	44.77440172756695	172.8829725637647
18	546	14	13	42.451424511605495	151.97591569466124
18	551	14	11	37.209234770334376	136.72432113071707
18	556	14	13	43.22237699809825	161.6867855605273
18	561	14	13	42.14668866795331	157.51905251362678
18	563	14	13	44.91506950069483	169.61117842496597
18	570	14	12	40.44749196816355	146.98778985954772
18	579	14	13	42.58084927633115	156.1392508407971
18	584	14	13	46.83890547877282	182.85747369879945
18	585	14	13	42.505786434128645	158.46370880696617
18	591	28	26	89.66157390703785	332.0783076477005
18	619	14	13	44.34306894300562	165.16329385248855
18	625	14	13	45.19202351389245	166.32547445030193
18	648	14	13	45.56534981606563	167.55998382180542
18	652	28	26	93.4009541397536	370.28523783642885
18	712	14	13	45.16648238682043	165.23486731865134
18	736	14	13	42.526436004604975	157.47122955912096
18	749	14	13	47.31235027512291	181.69149059143376
18	781	14	13	47.67313796498994	185.34690329006435
18	815	14	13	48.994958555098044	197.28898943841486
18	856	14	13	46.29661719061326	179.77287121386215
18	865	14	13	48.59857980206756	192.4754646528238
18	866	14	13	47.905664841117535	187.30346633692346
18	872	14	13	48.170617298202856	190.10902671443432
18	932	14	13	48.86078054725984	194.99294490163285
19	0	594	0	0.0	0.0
19	1	31014	665	2065.980035560139	7279.121766291195
19	2	13842	520	1469.7103902680542	4780.49197452707
19	3	8406	483	1333.7629437266812	4246.451402394304
19	4	5814	427	1112.9520073870558	3353.4619091295167
19	5	4392	427	1047.118049325409	2942.3150262535155
19	6	2916	295	714.80144385417	2095.1027169875824
19	7	2592	379	926.693023339591	2653.92963214286
19	8	2070	290	682.0205579226465	1944.4088894275574
19	9	2034	275	609.0182082043193	1610.982404969169
19	10	1818	317	709.7724266662163	1920.070373860428
19	11	1512	257	588.9369211640994	1618.098714928065
19	12	1242	211	447.47236854080523	1200.3806502072057
19	13	918	158	354.56993342160206	945.1374716114183
19	14	954	210	462.15310113457366	1191.7574531530686
19	15	882	178	381.5685997370904	1011.8861054065665
19	16	846	229	505.2594723737773	1335.3490107425423
19	17	450	129	304.30090622908267	801.5014689718012
19	18	774	210	465.59354385185605	1223.1063745722095
19	19	612	139	280.4603090357539	722.3167864972943
19	20	720	199	433.96608959856144	1126.6775229804734
19	21	666	163	354.3576480661376	970.7146414922089
19	22	486	135	305.57325400555374	827.8585626432583
19	23	360	105	219.40275617192015	560.1788480621624
19	24	342	116	271.4877077809426	751.7996528362331
19	25	504	152	322.14772421639975	870.4788419190429
19	26	450	151	321.04523519826455	818.7894097056349
19	27	324	106	228.86532382224257	616.0196199749914
19	28	450	182	421.8762003383872	1141.235247816458
19	29	270	86	205.34348154530474	581.8922879460288
19	30	360	152	327.17963728295473	866.8371444650269
19	31	198	65	141.6093472567322	363.9766621166671
19	32	270	100	211.64166084433032	554.9144483111012
19	33	324	119	264.577061224459	711.6749525123122
19	34	216	85	174.45972567849725	440.13039446549305
19	35	144	41	75.96959725324581	177.8998519327916
19	36	252	96	197.24530472662263	504.8299803541448
19	37	234	106	229.37005185682466	587.94121145751
19	38	162	66	135.3070173949448	332.14849583465923
19	39	324	127	284.6756612349491	769.9503907951145
19	40	216	73	152.5976908339371	406.6464017603196
19	41	144	70	146.83205631739554	378.64277708911857
19	42	162	53	117.74987356606348	315.83638059404666
19	43	162	72	166.4880411543672	442.62799428849837
19	44	198	95	179.9602938555073	442.44406116111645
19	45	144	65	152.69107202751712	412.6403170342104
19	46	198	87	177.0957831378913	430.2892610783259
19	47	162	77	169.97618157563727	453.65177630079194
19	48	108	55	125.40186240477267	344.5881552175145
19	49	108	55	120.69042769514512	333.1283299455481
19	50	54	29	56.70530080746214	141.51415847745892
19	51	180	99	206.86468357653627	545.9050317310707
19	52	234	111	221.85091233837392	582.8441720120095
19	53	180	95	210.66793009184852	569.5413848839135
19	54	180	82	177.53870100697418	471.2507611808676
19	55	180	92	212.6884180348532	583.9439350795467
19	56	108	48	112.31581265771757	315.0309631670014
19	57	126	63	135.39246001684856	343.9992734072937
19	58	126	70	155.7524424170873	414.7260387459041
19	59	54	33	77.3213164605577	209.28562272278677
19	60	126	70	150.7904072018437	417.4897198691668
19	61	18	11	29.48653932335582	89.32765052861905
19	62	54	30	67.57144009667972	191.1779306092521
19	63	54	22	49.387373043732	127.6071545634909
19	64	216	103	241.74441590585604	662.63259264893
19	65	126	68	143.3495125863642	384.93363610150436
19	66	108	49	107.55444423735834	290.4294272655356
19	67	72	40	87.467838608021	223.05489124384593
19	68	144	85	196.60719875241602	543.7587370478975
19	69	108	49	106.72388338941043	294.03416923979927
19	70	72	51	113.01117625515738	302.70060535789924
19	71	54	29	57.75396219103018	141.23782306952737
19	72	126	59	130.28971179884323	356.5925084715878
19	73	90	44	102.65420568039417	283.2125586153021
19	74	54	26	70.98726714986532	218.68576009261594
19	75	90	47	95.73730497041593	231.56051894075537
19	76	72	42	95.82431000134254	268.6451681476992
19	77	90	51	114.58171384958523	308.7212085756879
19	78	126	64	133.95951581432175	363.09105723260086
19	79	90	52	118.21148683028154	303.7008510182212
19	81	54	29	58.769078797729065	152.00552497441228
19	82	108	58	134.9487455728204	372.66265329531774
19	83	108	76	175.42725059980262	472.2054445503267
19	84	72	37	79.05718742694214	199.82606074144374
19	85	90	57	122.3497603641066	307.93614725949413
19	86	72	36	84.24572076721259	238.55070122705564
19	87	126	69	154.86499347999154	410.7604443023511
19	88	72	36	77.58209213805769	208.45665965206533
19	89	90	51	116.77699346285966	310.31022904615435
19	90	54	31	58.70048327873757	136.16715679966424
19	92	90	48	108.41139115935387	290.2768011190721
19	93	72	45	110.42304573825018	314.3951776597925
19	94	90	49	110.75919028628428	305.12776129608267
19	95	36	22	53.81575098572975	149.4217135588455
19	96	72	43	103.04551808457151	287.4156411324084
19	97	54	30	55.63962708379176	144.36678499117636
19	98	54	38	88.70191617410123	244.54251102873516
19	99	90	57	119.86513099335579	301.0657099301011
19	100	18	10	27.41809844284061	83.36518891425395
19	101	36	27	68.4178385225297	199.88705916071854
19	102	54	30	76.3721952533961	234.09595884713747
19	103	72	42	86.9013423939862	216.7402151117572
19	104	36	29	65.43565286702024	176.28482651893137
19	105	54	32	70.06050465267597	189.5598345434257
19	106	54	25	53.07832061900152	137.68229255538753
19	107	18	14	32.21852507805636	88.77211856289887
19	108	54	33	73.82704939816449	194.33358585347054
19	109	18	10	23.048429140600163	62.99277123965081
19	110	36	19	49.9374242956204	143.88724750252675
19	111	36	23	52.34248439069697	147.93373767935367
19	112	36	23	55.89553761677462	153.22210278708877
19	113	72	43	81.5105837479526	202.67255537344175
19	114	126	84	201.38271847275055	574.908761573371
19	115	54	29	65.53949315917278	176.0249765082273
19	116	18	15	35.840052002785356	96.05488473463593
19	117	18	12	30.642767160432225	82.60709308522888
19	118	108	66	150.38691389830362	398.58266197989917
19	119	90	54	133.06649866369332	394.7665662138005
19	120	54	33	75.75175590822134	215.00815604137205
19	121	72	34	83.04362591961021	237.78696520179577
19	122	54	34	71.91446279252634	207.34787555093888
19	123	18	13	30.422243501496535	80.9677727695978
19	124	36	24	56.77796197893674	166.8614567579628
19	125	90	60	152.66324061882938	468.12581655401374
19	126	54	38	95.57777500893496	276.72041755843486
19	127	18	13	31.31788810227135	92.11018933555675
19	129	36	29	68.55886483155004	188.38835502495974
19	130	36	23	58.13732878485762	177.01392394336366
19	131	72	43	98.94152073571969	271.17047133056036
19	132	36	25	55.82135050307046	154.52756921423205
19	134	126	73	176.24026160320128	483.54975470666193
19	135	18	8	21.74245760195061	65.6616828948518
19	136	36	23	50.99862763767866	153.29292573904542
19	137	36	19	50.26092460947421	153.81749264504197
19	138	36	18	48.26497118376752	144.50258900984215
19	139	54	37	82.93233330347049	220.97170619500434
19	140	72	46	109.3620846853294	317.10386713815365
19	141	18	8	21.378923793101773	65.84049701435713
19	142	36	29	63.99467499424584	183.67334401162984
19	143	18	15	37.19221174332336	100.02292173732607
19	144	36	28	74.60214971415643	230.83317861372802
19	145	54	38	90.82812992486267	255.98618064777776
19	148	18	14	28.883951455590047	78.15866334860992
19	149	18	8	17.29959867228432	48.48631286056562
19	150	36	27	71.90250200922654	208.8149282241646
19	151	18	13	22.962442374699993	49.615324902669606
19	152	90	64	151.49770786381907	430.2698964108126
19	154	36	24	54.69007859467945	153.07986877088538
19	155	18	13	32.52885531511809	93.76841093251821
19	158	18	15	37.40004255024537	107.45538586969691
19	159	36	28	62.933289999619205	176.67416983321678
19	160	36	26	58.909842014646685	158.83965147703805
19	162	18	15	31.750262064118573	78.95714364716748
19	164	36	27	68.5368474765375	196.02174916471307
19	166	18	11	26.518971070910844	81.3651586316257
19	167	36	28	66.23337648076765	185.8232396941825
19	168	36	25	49.70144363898931	133.29724365536302
19	169	18	15	36.9296622827241	104.62441441348244
19	170	36	26	59.23916512380162	169.34047875130608
19	171	18	12	32.1118418129751	95.86366599518108
19	172	18	13	29.61058709326944	84.14895484567627
19	174	54	46	122.55962154984529	380.51948386639094
19	175	36	32	63.518619649774216	148.37830353712835
19	176	36	23	56.55234435611622	156.50189607574856
19	177	18	13	34.412161740166226	99.05686401388466
19	178	18	14	34.75531056311958	100.57249456469023
19	180	18	12	29.814741222716634	93.06597347010668
19	181	18	14	32.66978658560689	87.68961572797096
19	182	18	13	32.263490490086916	93.82385984085468
19	184	18	11	28.771003302915396	91.28857733330331
19	185	36	28	74.72014291552874	228.2524334895995
19	186	36	24	55.74664934910044	147.94172469354316
19	187	36	28	62.92368963821438	172.0502017508939
19	188	36	26	59.14600560897697	174.76160541805925
19	189	18	12	27.635828891881857	78.29215519933561
19	191	18	12	29.16406712199449	88.72678366889396
19	192	18	12	27.13295642140745	85.33066208885577
19	193	18	12	26.657378875339376	70.44649881361505
19	194	36	23	51.069412161601264	138.88251409189053
19	195	36	27	69.03748678339653	213.62516289858797
19	199	18	13	28.400796835627755	80.67150985675741
19	200	72	53	127.4329195231753	374.39447941839774
19	202	18	14	34.164314234762564	94.80996584011372
19	204	36	31	69.1495843097518	177.94250995383365
19	206	18	15	41.18485685117769	131.63142967781133
19	209	18	14	41.292752368441796	135.96180172275143
19	212	18	15	34.59955990071074	93.9207517401132
19	213	36	24	55.850676820034366	155.48737067406933
19	214	18	14	38.7887108124323	121.63418248389002
19	216	18	13	28.946771459131693	82.74973457755729
19	217	18	13	29.608988966372177	87.29404070363476
19	219	18	12	31.15874156492948	91.42342233632957
19	221	18	15	36.53270174093404	119.53382480651095
19	223	18	16	35.94787922212705	110.64857578715876
19	224	36	30	67.80274772396298	189.52608694986787
19	225	18	11	32.77072745883128	104.70312343644034
19	227	18	14	33.08729456563942	91.02964908561657
19	228	54	45	112.19056424452134	336.196313861311
19	230	18	15	42.225529505722044	128.49436842938556
19	233	18	14	42.26644916238611	143.5616896044575
19	234	36	27	68.01829534451392	205.59677496585337
19	238	18	13	31.753276302899515	92.34855336082694
19	240	54	47	120.31748154088241	370.75665423965836
19	243	18	12	33.44385264815634	101.25726119522847
19	245	18	13	32.194949328353594	95.0590618710004
19	246	18	14	33.420325021086995	97.0190005179266
19	248	36	26	63.445636694716455	190.29947437798134
19	252	18	13	35.01488697610415	110.42198214238955
19	253	18	16	33.74104060281966	87.25413558491447
19	256	18	12	33.55254735893391	108.72331691966036
19	261	36	33	87.05125500191465	260.46464359930127
19	263	18	14	35.36548355765105	107.68499539410818
19	265	18	12	37.16248255674999	127.44893811521537
19	266	18	17	38.87793978279758	101.92003020894533
19	269	18	14	34.57808445056668	99.91704607153754
19	270	18	13	38.32752981579402	119.39983185953729
19	272	18	15	40.78725074772819	126.31644228396195
19	273	18	15	34.27638904241226	96.25430280548221
19	275	18	14	40.242023007801826	131.1170189390345
19	277	54	40	105.27079692077326	326.7198462754301
19	278	18	17	44.47289234400045	132.37358627402963
19	280	18	11	29.59580920998114	89.19006944542099
19	282	18	16	39.773184926545454	116.80298787649447
19	283	18	16	34.69284513090559	93.50690271929561
19	284	36	31	67.73171583695658	177.19436599756992
19	286	36	28	70.35822228905947	210.10525525157962
19	287	36	28	74.66440861526216	235.65703981286188
19	292	18	14	37.99794935562395	117.82810873514885
19	294	18	16	44.21477763309436	138.91277260279367
19	297	18	13	38.7614407790742	130.0492551181732
19	298	18	13	36.06836650566596	113.92519433982841
19	300	18	15	34.16788606446162	101.14520428342358
19	302	18	17	37.169942365854126	105.93669708473068
19	310	18	15	41.63182805133337	126.63299901073297
19	315	18	16	39.64455606996096	116.52395760184129
19	316	18	14	33.01238421531336	91.59466586990301
19	317	36	26	68.39662675581745	225.6009281995435
19	319	36	33	84.97334438531179	258.2962363008597
19	320	18	17	40.910703173524105	115.61856104546425
19	322	18	15	38.96113742135529	118.78649190478532
19	323	18	13	33.84118659756352	97.21655893413556
19	324	18	16	36.13051407264511	97.52162974604875
19	325	18	15	34.92424673872478	95.82630253885888
19	332	18	13	39.210108916476145	129.05413829798127
19	340	18	16	43.542265774696645	131.54861624062292
19	345	18	16	41.03003955349876	120.9179633004893
19	346	18	14	32.812940559423716	91.13929062603015
19	348	36	30	69.76605408453446	200.94541829320275
19	358	18	16	41.2653743614885	123.93475891549652
19	360	18	17	49.30796768323982	160.4668234447163
19	361	18	15	39.53204633112972	125.44594034818405
19	363	18	15	40.20664712675442	128.73452379202817
19	365	18	16	39.326623465323586	121.76675404743216
19	370	18	17	48.12497570460578	155.94109910104996
19	374	18	16	43.664054765995274	146.9613899886491
19	377	36	33	86.96192016582548	261.75245864498663
19	384	18	17	39.72523264975031	113.1925233099309
19	386	18	16	40.651723590354024	124.60603989028074
19	387	18	17	40.90569155778354	114.49842213982937
19	391	18	16	39.444236097852006	112.90793529017917
19	393	18	15	43.15363741063407	149.0899714811429
19	396	18	17	45.415707006758694	136.79985626074298
19	406	18	17	44.54149523326185	144.59536862499527
19	409	18	15	41.63472445590094	134.24826829775876
19	414	18	15	42.45741593013456	139.40052171685642
19	416	18	17	42.437814377808174	128.9153538546099
19	419	18	15	39.487405587716	126.97960744413982
19	422	18	14	38.4049380116221	121.0514075177358
19	429	18	17	42.10452362207767	131.3611323652469
19	431	18	16	38.969239825942445	119.03865135995953
19	432	18	17	51.0434988624934	175.4044879542989
19	433	18	14	45.19391839413443	157.05452164933408
19	440	18	16	41.34550966547014	126.85075526942066
19	443	18	17	43.591879736281534	128.74111874374015
19	447	18	14	42.78617559117396	142.59673645333206
19	451	18	17	44.76879170112623	133.55974669604717
19	453	18	16	44.42357641634615	141.94454141091848
19	461	54	50	135.40073150012506	415.5904027171095
19	463	18	17	46.175966168474055	149.0657052951083
19	465	18	17	49.76936503906201	163.57554053224234
19	468	18	17	49.1052606445653	167.90698096051966
19	474	18	14	39.195868977473204	123.6208699519016
19	481	18	16	47.982234195666955	159.45995567241334
19	486	36	33	95.0893551796844	301.91431933249936
19	490	18	16	47.58036395321203	156.75491423415758
19	496	18	15	44.69779271026611	147.61956837734314
19	498	18	17	45.41931380651895	137.58112383172713
19	499	18	17	45.97767801836111	142.68817574680776
19	501	18	17	49.725631457847925	169.43511548308624
19	504	18	17	51.02676665954901	174.61168385639255
19	507	18	16	47.56613705940618	165.54608557200163
19	516	18	17	45.33705298961498	144.27921831159716
19	529	18	15	43.25786539742585	145.96538738629138
19	546	18	17	45.96057129524522	148.88229385601
19	551	18	15	45.8190830454881	154.7075964780852
19	556	18	17	49.19338121040994	162.1692774025279
19	561	18	17	48.301365060572195	160.9640496398971
19	563	18	17	48.97007684183835	161.70828116166643
19	570	18	17	46.54594797309985	153.15735405463963
19	579	18	17	48.9703102589746	156.71247024889553
19	584	18	17	54.796071077763365	192.29582018775758
19	585	18	16	44.17042689264	137.81323800441487
19	591	36	33	97.07952527736978	328.88067738385985
19	619	18	17	48.13743925729544	155.91361533568102
19	625	18	16	50.56989781680711	177.01086552236214
19	648	18	17	49.406530938488956	157.94367954718115
19	652	36	34	100.39681971590643	336.4225372342149
19	712	18	17	48.925610827886196	162.22262651102434
19	736	18	16	47.30043806588242	160.86166596922027
19	749	18	17	50.79101812447122	169.50243408367288
19	781	18	17	49.34461019007125	163.21006833434882
19	815	18	17	52.92660663052411	183.61839970625692
19	856	18	17	52.23989998140395	183.71976931798133
19	865	18	17	52.08987161718619	181.01801583041825
19	866	18	17	55.02189132665009	194.6991660807749
19	872	18	17	52.73448962915233	184.10904321667226
19	932	18	17	53.71677682233896	187.96975510222487
20	0	462	0	0.0	0.0
20	1	24122	864	2843.6647683482392	10544.176550562746
20	2	10766	631	1906.528818789342	6681.67902489615
20	3	6538	565	1611.0101548351558	5374.262133250413
20	4	4522	520	1424.3197532066883	4664.019229111641
20	5	3416	489	1307.150074960006	4147.515868142317
20	6	2268	356	942.4393998538137	3054.8934467501094
20	7	2016	434	1099.7095739707613	3423.553111933298
20	8	1610	340	892.105322784404	2821.655901316413
20	9	1582	342	860.773283379245	2631.0154778282777
20	10	1414	381	895.8104135625676	2648.6809924787867
20	11	1176	303	787.690300108784	2456.0523959443126
20	12	966	262	626.353135824351	1837.9818696633556
20	13	714	204	500.75426446691745	1485.0101963628867
20	14	742	230	564.730469587096	1683.9688732034629
20	15	686	211	520.4364809378922	1585.5312698965859
20	16	658	249	592.9105337159906	1752.787346564884
20	17	350	142	341.01223500580295	991.8651675473244
20	18	602	256	618.2683919596886	1831.3258597236122
20	19	476	182	431.8307962406283	1309.1288347704726
20	20	560	232	540.4071318576978	1561.371916631299
20	21	518	197	477.7628018315739	1461.8839370223268
20	22	378	153	380.3103694906174	1145.4801746620478
20	23	280	121	294.092534810286	878.1441350676047
20	24	266	120	292.35791317803364	859.7183768792255
20	25	392	181	436.2887953711047	1339.0876413561755
20	26	350	173	409.3688456129397	1178.9444690200246
20	27	252	114	261.0608938083965	736.984867115207
20	28	350	194	453.44382836574334	1276.2913786359038
20	29	210	99	251.8896162213506	777.0029275461105
20	30	280	157	377.44759439785435	1121.7777659846001
20	31	154	79	191.01055469515194	549.8700936250866
20	32	210	95	212.57981053804485	605.2461468647977
20	33	252	133	320.8597892249891	981.6150343384567
20	34	168	88	225.1800601160769	701.2317700079444
20	35	112	45	101.30152027719953	303.2797452467958
20	36	196	101	256.42830434061693	833.6438484861998
20	37	182	108	268.13126540114445	800.704282717238
20	38	126	70	174.85119305161504	529.8041022628735
20	39	252	145	344.7143086646987	1020.0636551017344
20	40	168	90	229.77895178820148	728.3339549774787
20	41	112	68	156.1653572516047	449.7276096112894
20	42	126	72	184.61187723313338	579.4538271734868
20	43	126	80	202.48402674141312	617.7406930939469
20	44	154	96	218.8019868354143	625.9628527697354
20	45	112	65	152.49370284420965	459.45093637294576
20	46	154	95	236.9035044835929	703.6324273527351
20	47	126	85	220.98040393248172	696.1284709407139
20	48	84	53	135.77841985131911	425.47720058265315
20	49	84	58	144.6073516851686	435.36529073892393
20	50	42	25	57.87661595942755	166.81981181389327
20	51	140	99	238.57401091199114	727.2645587526162
20	52	182	119	310.27843757811036	997.7939958652148
20	53	140	99	250.17327811609925	774.3867134080625
20	54	140	91	213.0587477293445	608.173623985258
20	55	140	92	230.84061711360027	687.4392694491794
20	56	84	51	128.10812333949906	396.3855719156437
20	57	98	68	155.85385053617853	444.11340484633297
20	58	98	68	171.27310028054455	526.5860427256639
20	59	42	34	91.30148109327118	284.48545726200564
20	60	98	67	161.46035954701273	478.1679363005158
20	61	14	10	20.74466898778907	52.64252166199925
20	62	42	30	70.72608295811554	200.47990886401075
20	63	42	28	74.70168120185026	247.6944847289123
20	64	168	108	276.54139073618325	847.9771527696668
20	65	98	71	170.76408041390843	516.0856576473527
20	66	84	56	146.95067780301412	472.89707562600586
20	67	56	40	101.1425894864587	298.8808919806761
20	68	112	81	211.60229982770912	657.8858094843856
20	69	84	55	136.86969983139957	422.44109581710813
20	70	56	44	111.2032289171284	338.65047447428685
20	71	42	30	78.8354173391167	243.71406962821368
20	72	98	62	154.6348076610467	497.21465680995453
20	73	70	48	124.21612637461335	381.16434724315576
20	74	42	31	73.10123871337248	205.8697292119815
20	75	70	41	92.5929730371984	261.6570519730284
20	76	56	37	93.32965849324712	280.1117368390291
20	77	70	52	132.50613724317427	411.697913513649
20	78	98	69	182.92109253583502	599.2165417873431
20	79	70	51	128.0215942471187	384.2538139231912
20	81	42	33	77.23340768417131	220.9896757067255
20	82	84	62	155.97566135397443	488.6071467616526
20	83	84	64	176.4583860927766	579.2440406456706
20	84	56	37	94.9371102945684	298.5705213955183
20	85	70	54	134.879473063955	408.06761726182214
20	86	56	38	106.0573968005032	349.5967560104368
20	87	98	66	173.62017997224302	562.6935048051423
20	88	56	42	114.06190752300127	363.51424036839563
20	89	70	48	131.5151935174201	418.89800378464344
20	90	42	29	74.61541742038195	230.7905114255509
20	92	70	51	134.73367053834386	425.29748600033787
20	93	56	41	108.90535908750344	342.4123489246338
20	94	70	52	142.89989520016215	470.09206972472197
20	95	28	21	58.886984941487555	193.38129705247954
20	96	56	39	107.18836497773223	359.5629297429912
20	97	42	31	79.95167991384552	259.4593164694892
20	98	42	36	98.2721842898132	303.45022306169415
20	99	70	53	132.9689382078448	421.08232381582616
20	100	14	10	24.565672124781692	71.63934916348228
20	101	28	23	65.54899137433512	213.96141715035702
20	102	42	31	95.0990216983287	333.22017626833093
20	103	56	40	98.48275477203184	304.5512523651852
20	104	28	25	69.49123302201514	219.4744118530811
20	105	42	32	83.23567626599389	258.62127466170995
20	106	42	28	75.62564122189833	250.00620583803462
20	107	14	12	26.4977430760812	69.95024277584929
20	108	42	31	81.1602148367333	256.402873783937
20	109	14	11	26.95565134545868	84.30134339128254
20	110	28	22	63.511516933942175	219.34727792875657
20	111	28	23	60.384994676867024	192.0710673239689
20	112	28	23	59.85545044999785	191.65192828817305
20	113	56	44	115.17455564168374	373.6714460645747
20	114	98	76	212.62634485278176	676.8444795744647
20	115	42	30	80.37707306277359	249.80277439728448
20	116	14	12	33.30334096382724	100.65630000345698
20	117	14	11	31.045136187443212	102.86908533926157
20	118	84	69	181.25244338873253	560.7649744546594
20	119	70	54	141.7256591449622	444.9601491057836
20	120	42	32	86.7008046584074	290.1927713248958
20	121	56	36	100.24834802969949	321.9123577122633
20	122	42	34	84.3061790242817	257.78000957204307
20	123	14	11	32.60361021891697	118.87318846424951
20	124	28	24	60.302679224307894	183.1328159128092
20	125	70	53	151.94928335829883	507.2405333781828
20	126	42	35	103.7608172275072	355.09226110855326
20	127	14	12	32.66806249930245	108.70577606540526
20	129	28	25	66.8747623835583	214.82891055242237
20	130	28	23	63.905945180501476	217.27552992382115
20	131	56	46	128.9578406643331	434.7475007738577
20	132	28	22	62.97324714545098	221.99118707631817
20	134	98	76	210.63546305781588	697.5904725150457
20	135	14	9	27.782889594245404	94.91563298730983
20	136	28	24	64.23788187601043	199.8366209215965
20	137	28	21	61.634008809715695	210.3415478966722
20	138	28	23	69.00243029591888	241.6467414890556
20	139	42	34	89.02550090518085	271.5139287656747
20	140	56	42	122.50367736874682	417.2613745228808
20	141	14	10	29.404032591703952	102.37219116650006
20	142	28	23	63.3047256425663	206.76403682403162
20	143	14	14	39.88237132937347	133.89504364446773
20	144	28	23	66.00967412667532	221.7411523497558
20	145	42	33	95.79081246273464	322.21790454611715
20	148	14	13	37.00370115414368	128.3168160509921
20	149	14	10	30.995268141633183	109.54148198699384
20	150	28	23	70.67624738424252	243.18242773879933
20	151	14	12	29.496062207785744	89.81022602094016
20	152	70	60	157.45467402818167	519.0878116077108
20	154	28	23	72.61477935702534	263.90243077690485
20	155	14	11	32.24121340656103	109.71558301740028
20	158	14	14	41.748533127906846	143.32931838557548
20	159	28	25	65.30139574164362	217.5102476500874
20	160	28	24	70.85254703398608	237.71885788094423
20	162	14	13	35.73824990104009	119.05402994645247
20	164	28	23	68.86799219955364	233.90128453818497
20	166	14	12	34.460852394163894	119.47700165677459
20	167	28	24	69.1963623606797	240.17700347952047
20	168	28	22	60.49094691955493	201.7635693448737
20	169	14	12	33.81750550723813	108.90696761678277
20	170	28	25	69.18135670999264	226.8449534553311
20	171	14	11	31.18445674990742	96.16771059039338
20	172	14	13	36.13093466635916	117.07676827951923
20	174	42	35	116.55236156485806	448.5632195486909
20	175	28	27	67.00838888059647	208.9542541829559
20	176	28	24	73.89375047230239	259.87275160093577
20	177	14	12	35.74816216824709	121.82591491057015
20	178	14	12	36.249290215113916	124.26032372549413
20	180	14	12	35.467582349372265	131.0827521180125
20	181	14	12	35.31432787690416	119.97914661785153
20	182	14	11	32.46040928812095	112.01779386369999
20	184	14	12	36.31566761088078	125.81698466141023
20	185	28	23	68.48347985890196	234.03029565660879
20	186	28	22	68.84767802394427	242.82807489530626
20	187	28	25	72.77126567840632	253.5967197579781
20	188	28	23	62.893824385539276	218.24729302177832
20	189	14	11	29.272964193987185	102.29028977035526
20	191	14	11	34.804804747655226	129.87602555735597
20	192	14	11	32.65732774157363	117.61111953909257
20	193	14	11	32.51959217984282	108.37725387451708
20	194	28	21	62.11425137641718	216.68755714718574
20	195	28	23	68.01713568404149	236.13740544049827
20	199	14	12	28.568969315378816	93.35513871084436
20	200	56	46	137.52048522372942	487.2904628737988
20	202	14	11	36.618829207296024	135.1249647887561
20	204	28	26	68.15269346418195	214.15215107002734
20	206	14	12	40.50983571421953	152.8732304817918
20	209	14	11	35.173437294757946	126.21924464817049
20	212	14	14	38.398559865503536	123.18143440346293
20	213	28	23	71.42064005547589	244.2838122501136
20	214	14	12	34.84338446838107	116.94747736219338
20	216	14	12	35.993350451046624	122.30642354019257
20	217	14	12	35.82837269445147	122.4171845875891
20	219	14	12	32.0782856714439	103.6105224685053
20	221	14	14	39.271656037712425	139.6792625127661
20	223	14	13	36.15571912772912	129.5571896429842
20	224	28	25	65.97342023364449	208.21300615754612
20	225	14	11	37.74607924076467	140.79486430351255
20	227	14	13	35.216662087013255	120.91171923239624
20	228	42	38	111.98737804163473	388.5030332981513
20	230	14	12	37.410280263840775	129.90583187308582
20	233	14	11	34.59116326487117	130.36443958173922
20	234	28	25	78.5020804530961	276.7586832202034
20	238	14	11	32.14488011246009	110.28509440833943
20	240	42	39	118.01176702485995	431.7416727792272
20	243	14	11	36.305344869952165	139.63231328775473
20	245	14	11	33.17945875706445	116.81962009106027
20	246	14	12	36.72133494143541	128.6750430039108
20	248	28	24	68.32227934027212	227.03557943206366
20	252	14	12	35.894571840066796	128.9755083930121
20	253	14	14	38.12382686517213	123.27162968886054
20	256	14	11	31.564017457173737	101.66856681020437
20	261	28	27	78.43568403925296	270.9552233713504
20	263	14	12	37.692645983477185	139.3347492519224
20	265	14	11	37.22761274734453	138.63813130995754
20	266	14	13	36.68767049313561	121.28394415015974
20	269	14	12	35.52412650309784	121.3272913269804
20	270	14	12	36.933512981613404	127.17958074669652
20	272	14	11	35.45133165756785	129.87651042296028
20	273	14	14	35.98748152474687	111.99220336815473
20	275	14	12	39.881511577463854	145.30227215785956
20	277	42	35	105.83825817945437	378.2498808433164
20	278	14	14	43.91105260010071	158.1865655794442
20	280	14	12	38.40185522046191	140.10551418369752
20	282	14	14	43.7410960456656	154.1668288813832
20	283	14	13	36.42509212377831	120.4926192272534
20	284	28	28	76.90376905961433	252.9601071833213
20	286	28	25	72.14301166499858	260.724768085487
20	287	28	23	69.07809688703915	244.6694238711644
20	292	14	12	40.80498387690388	154.34014210460248
20	294	14	11	35.28266762144116	125.50806339715177
20	297	14	12	41.98426104788434	160.65252508232814
20	298	14	12	37.46900638391135	133.77752903248162
20	300	14	13	31.781332602797157	101.37913614956034
20	302	14	14	38.39655945862629	137.25492814657497
20	310	14	12	38.8744222544437	144.10381519766204
20	315	14	14	37.23122208283308	123.62215089313153
20	316	14	12	37.925209504375	139.03439394042584
20	317	28	25	81.38728775423435	305.43714109131685
20	319	28	27	84.81382370855457	314.22484767160864
20	320	14	13	40.70900443726731	151.3788607615428
20	322	14	11	36.52351191768093	133.60217568420154
20	323	14	11	34.430031251785934	119.93064601279333
20	324	14	13	39.93613967889924	144.95609213544884
20	325	14	13	39.957309822154265	140.81250670256054
20	332	14	11	39.57170005511836	152.77472787486897
20	340	14	11	37.53821425640607	141.6502601769083
20	345	14	14	42.40804904851325	151.23945888376085
20	346	14	14	42.27750769702337	153.0949087905771
20	348	28	26	76.62770503825723	265.881172052123
20	358	14	13	41.31269206211704	151.0025934213788
20	360	14	14	41.38783193165504	151.67344367227253
20	361	14	14	44.8541633031241	177.65830819629494
20	363	14	12	39.003721214419606	145.886657728847
20	365	14	14	40.31491728611581	146.50328821959388
20	370	14	13	40.37186030831953	143.08217098459477
20	374	14	14	41.56843668880741	154.1911405891069
20	377	28	28	89.1115289323825	325.0480760971903
20	384	14	14	45.36366893285719	165.87800155651922
20	386	14	14	43.884624515203875	164.6532173290865
20	387	14	14	42.72547253561954	156.2556980914956
20	391	14	14	43.688756999990815	157.9890997490636
20	393	14	12	39.976585842845765	155.1944860508348
20	396	14	14	44.16017648373792	167.35811566615692
20	406	14	14	42.191438080885646	161.462475266994
20	409	14	12	43.180120369496564	169.00091528085608
20	414	14	12	42.33597118059065	164.3331969740051
20	416	14	14	41.285137030711255	148.89605581905167
20	419	14	12	40.52019093737551	156.2135872321433
20	422	14	12	39.1288488111547	143.5380861236573
20	429	14	14	38.7303762400867	143.46721816152947
20	431	14	14	44.43216923614048	165.25720337284756
20	432	14	14	46.2455768147054	180.9881800385146
20	433	14	12	42.62836989488613	166.8938238003027
20	440	14	14	42.41050765692423	150.78335712870356
20	443	14	14	42.27303717210347	154.12460957902
20	447	14	12	39.34952991833358	150.78653540956992
20	451	14	13	40.96294005942179	147.90153696634718
20	453	14	13	45.30677118372695	181.21826351834557
20	461	42	42	133.5893604926313	489.98653884364325
20	463	14	14	44.59661871312359	174.7096727856683
20	465	14	14	47.436436439722215	179.8665324257925
20	468	14	14	44.189492041587776	167.40998938313157
20	474	14	12	39.40546625586813	145.713129845028
20	481	14	14	46.675650897603845	178.86191011575494
20	486	28	27	94.78860352918284	374.2584701406015
20	490	14	13	44.88043508947946	172.43592217400288
20	496	14	12	39.87648803765307	154.86654916005384
20	498	14	14	44.38506636605982	167.25151644554197
20	499	14	14	44.51411857739265	159.332131305901
20	501	14	14	43.44034043541332	167.00194887644523
20	504	14	14	44.70056955937984	169.91844750930588
20	507	14	14	41.68806546444086	156.51051141045812
20	516	14	14	44.627640861119545	162.92675314625788
20	529	14	12	41.85354304206272	167.06934115153322
20	546	14	14	43.70292811121789	167.80364414805632
20	551	14	12	40.67892152329817	154.9762786799898
20	556	14	13	42.88357426852947	161.65182076117404
20	561	14	14	40.800595829971186	156.46858758568476
20	563	14	14	45.00678748447828	168.97515795135925
20	570	14	14	44.83390483323109	179.5935376646635
20	579	14	14	48.31998749490216	187.602163362754
20	584	14	14	46.30922577236786	179.5070430116885
20	585	14	14	45.164944799505854	172.63467237420906
20	591	28	28	94.11843094943049	379.49558921696075
20	619	14	14	46.64753005345045	181.36767430540198
20	625	14	13	44.73539668828056	172.26592237973105
20	648	14	14	47.089547784613615	177.7056753151354
20	652	28	28	96.42617286650156	378.69015945511165
20	712	14	14	46.45312394056307	180.34619426231652
20	736	14	12	43.29475010349278	172.7308769948115
20	749	14	14	48.58475716906867	197.42929672536988
20	781	14	14	49.141562310380515	198.56358670156268
20	815	14	14	51.18540032599085	212.53791875369137
20	856	14	14	45.94879604928596	190.67120912080003
20	865	14	14	50.26021169727997	207.24474425863156
20	866	14	14	50.39560793123716	207.1390505410437
20	872	14	14	49.67496118964521	201.39892137791676
20	932	14	14	50.07553986810912	203.9644834044037
21	0	396	0	0.0	0.0
21	1	20676	654	1533.4723743571758	4782.734720024782
21	2	9228	519	1128.8614527799436	3468.9895516336946
21	3	5604	468	1010.3786877589266	3103.966198243993
21	4	3876	429	813.5613698726384	2335.3536120459285
21	5	2928	397	784.8891358600017	2223.9581118622154
21	6	1944	288	533.5002502796242	1486.0034153086992
21	7	1728	344	624.0381087836499	1716.689283472748
21	8	1380	298	599.4562386240125	1724.5880836789997
21	9	1356	291	531.4806083906396	1443.266055567034
21	10	1212	320	541.5511047477046	1397.2728650496342
21	11	1008	245	480.07623340375625	1375.4772008581874
21	12	828	222	362.0252490471971	943.3744009818113
21	13	612	153	252.72580608646933	617.7310826046555
21	14	636	199	406.9935768071079	1151.0663833426352
21	15	588	179	314.5248450926976	837.8386307506748
21	16	564	212	392.55390402303215	1032.1129934912428
21	17	300	110	203.36859139033618	524.5542797839826
21	18	516	206	372.2927850191831	970.3915272048692
21	19	408	149	232.29550778535386	586.3883653234151
21	20	480	177	318.4545924601589	845.4640761620004
21	21	444	159	270.24381948900367	672.2090800212407
21	22	324	122	221.1764526878323	546.979713671386
21	23	240	103	186.42681137043422	482.24668174686155
21	24	228	102	179.2030331101214	438.3238588516383
21	25	336	140	258.8937818191156	660.3901431478009
21	26	300	139	235.97771414315937	577.6274278385889
21	27	216	88	142.18963671576068	339.63990560317
21	28	300	148	249.1341826250827	614.5280876112131
21	29	180	78	164.535951876331	460.8001282646411
21	30	240	147	302.6337210213271	848.0448808524472
21	31	132	65	123.2371567093052	309.9208566369015
21	32	180	89	156.7661074653382	409.05519955627284
21	33	216	102	164.81439583458757	371.31181286372725
21	34	144	76	145.62548354383128	350.2020272186957
21	35	96	40	69.74533835477484	173.41945763532078
21	36	168	87	165.9998725724774	426.76628246819894
21	37	156	92	176.66690959529038	430.73047209339177
21	38	108	53	98.92307132694765	252.62612564997255
21	39	216	121	245.48432630376863	645.7699076612589
21	40	144	76	128.44966993986088	314.1147902814901
21	41	96	55	103.5084141885338	248.16879742151582
21	42	108	57	105.99434375631479	280.66293007296684
21	43	108	61	128.73047018322626	359.5312075430163
21	44	132	78	127.57800112095126	295.1730739577238
21	45	96	50	85.41102542280905	202.9634706786169
21	46	132	84	164.69747306653954	419.15385406291034
21	47	108	68	142.96957604851232	380.19363394353707
21	48	72	40	67.56908940570835	154.20306363963672
21	49	72	47	102.16884144393701	277.09361551974655
21	50	36	23	37.64034827005985	72.7553353905392
21	51	120	77	146.36012984319393	357.28697890065496
21	52	156	98	191.98431045033857	491.41110681299665
21	53	120	87	176.7856516040282	461.4750898295316
21	54	120	73	149.04549156256508	402.56317212581473
21	55	120	77	160.7806974648483	418.02968688311876
21	56	72	45	100.14237182278295	275.91779869086935
21	57	84	55	103.03399161140078	248.9999989137346
21	58	84	54	115.13552187039308	295.36265706235525
21	59	36	28	60.47993904511987	155.1412979874989
21	60	84	59	127.1737232163268	345.5485560845008
21	61	12	7	16.021164729568437	46.96070720480472
21	62	36	23	49.12268112397733	139.25363710020713
21	63	36	19	41.006463766474674	112.8393197222891
21	64	144	92	193.82154998559338	522.479965978734
21	65	84	63	134.46265958479148	341.71198257284243
21	66	72	44	101.66148779787196	286.0711763323597
21	67	48	30	66.78373940212074	183.95935088387012
21	68	96	68	145.63446161078357	389.41561180701484
21	69	72	47	91.33371083092774	220.4417955173322
21	70	48	33	63.999845370527794	153.14318647145458
21	71	36	22	39.444046282185376	96.97139817523637
21	72	84	49	103.53177950014339	276.15292774419777
21	73	60	39	86.67410444974796	226.7679091844283
21	74	36	28	69.43779897659257	199.16319455571224
21	75	60	39	76.98867501541625	184.76052881214437
21	76	48	31	62.92986291287829	165.15131511242373
21	77	60	41	82.4128137056957	197.68158531678742
21	78	84	59	120.28295713504289	322.16270823620715
21	79	60	41	85.86729619800772	205.6508623415035
21	81	36	24	54.23467064050991	153.3552347202917
21	82	72	49	113.83053204267225	305.80234676190867
21	83	72	53	118.585588337118	325.7282477625638
21	84	48	28	56.853721797578	139.096713868022
21	85	60	45	105.08297925831138	288.44900460617924
21	86	48	32	66.7706934097821	180.79007925942528
21	87	84	59	130.82919202008395	344.29929310618314
21	88	48	34	87.1369847349826	249.47922841921078
21	89	60	42	91.8862857591462	235.74851675152365
21	90	36	24	44.76653689723925	113.23162057089355
21	92	60	46	99.63546119160488	257.46223639255913
21	93	48	30	74.98166841731675	208.55323472895407
21	94	60	44	83.54957892284449	201.14218119939724
21	95	24	16	33.982693076478654	81.55125032728499
21	96	48	32	66.60183654631344	158.96308581327366
21	97	36	26	65.51698036128658	196.17073663871759
21	98	36	29	69.0879267462756	188.83075987910902
21	99	60	43	104.14431385636006	290.3080023001968
21	100	12	8	19.239148333781348	49.681471535614214
21	101	24	18	43.674356088206224	127.31821331929939
21	102	36	26	67.29067553344946	201.12639223958485
21	103	48	33	71.89465099197386	191.16905028261456
21	104	24	19	45.07650741432259	121.12767340386196
21	105	36	29	70.7097439375126	201.12549147216174
21	106	36	25	66.61102860600923	203.21498160462068
21	107	12	10	16.572487134953082	38.18054093721024
21	108	36	25	53.38703688730987	138.4064455986546
21	109	12	9	24.600555263456343	76.0110428586211
21	110	24	16	35.40080991290348	98.13431950004795
21	111	24	19	42.51181915338079	112.14377162704437
21	112	24	21	49.5757306313448	133.39269408685755
21	113	48	36	86.38582023373115	252.80734767172908
21	114	84	62	143.2253732002657	388.80380723872975
21	115	36	26	58.33894425454672	152.64781661213132
21	116	12	9	25.98586209308683	80.4775152609554
21	117	12	9	19.344717436771976	55.074210133081436
21	118	72	56	134.4391692607286	368.44534791584596
21	119	60	43	94.67513537821408	249.93907486186157
21	120	36	24	58.402785722179836	163.25119975062967
21	121	48	35	79.48758213641631	215.57175270781272
21	122	36	25	62.39197440208621	184.69740857707302
21	123	12	9	26.46509618328909	85.0122947645469
21	124	24	20	45.281452731557366	126.56609411953673
21	125	60	47	108.36707470608634	292.8494740103418
21	126	36	27	75.52982299661028	228.86700636059896
21	127	12	10	27.268291356123306	81.35188602994239
21	129	24	21	57.90976226398857	174.67450874472547
21	130	24	19	46.914406527317176	135.88313839635424
21	131	48	39	96.50374245907462	274.39508107779096
21	132	24	18	40.20950262320905	109.13693603136457
21	134	84	67	161.0818477386434	458.021915996679
21	135	12	10	24.769299439072682	69.82617797011129
21	136	24	18	44.08786103444299	120.01197709780647
21	137	24	15	34.53979933642672	99.55638476302798
21	138	24	16	40.581894785391086	121.36780695049401
21	139	36	28	58.88041645160851	149.75013362338606
21	140	48	34	89.08735837162433	274.09690346823334
21	141	12	10	25.01109952869775	69.2072760402841
21	142	24	20	47.48018951682143	145.85858608763075
21	143	12	11	27.387045645503836	77.5873050578511
21	144	24	18	51.48012223312468	154.83873726315008
21	145	36	30	73.4620330779938	204.5111078181465
21	148	12	12	25.51591268742031	66.87491077510074
21	149	12	9	18.539668133008288	43.054868721443285
21	150	24	20	49.95577664882716	132.43494800439862
21	151	12	9	24.429791930221818	76.8639351260697
21	152	60	47	121.52239804504063	364.5811176612069
21	154	24	18	49.82080908389209	148.78870420807422
21	155	12	9	19.395872123469914	52.98936538472362
21	158	12	11	31.22451910857169	95.70754876641257
21	159	24	19	41.71757760713423	111.44800614897471
21	160	24	21	48.17574004023357	118.67619038883757
21	162	12	11	28.65043368978391	78.38294007927566
21	164	24	19	52.98394870152699	163.78837625818727
21	166	12	10	29.228951542163376	91.92663741788077
21	167	24	21	53.310103452571084	154.820313009774
21	168	24	18	49.682742866039575	155.25836732875058
21	169	12	9	23.37294566351477	65.34900462623835
21	170	24	20	46.161694816925234	125.0483578988573
21	171	12	9	23.750761611582295	65.42783596946953
21	172	12	9	23.614571272841708	73.2508473440325
21	174	36	32	85.68417535728165	259.3267276919937
21	175	24	22	54.122327814603445	153.5256322535326
21	176	24	19	56.82795419342648	184.11285344963676
21	177	12	10	24.226497318952266	66.20698916315328
21	178	12	11	30.463907517098892	93.04036942264018
21	180	12	11	23.526165099927283	53.36226193844283
21	181	12	10	28.09913193577922	81.3422634095632
21	182	12	9	24.459137260842827	70.22981749876216
21	184	12	11	32.07549216038754	103.46094108604163
21	185	24	20	51.433297607374755	148.9207215818827
21	186	24	17	43.19569818148412	130.75194829353256
21	187	24	22	51.26698801832973	148.8444921379421
21	188	24	18	44.80779665673975	121.27212584071479
21	189	12	8	17.932931825319432	51.83154312831833
21	191	12	9	19.651869500870255	49.77030334870359
21	192	12	9	20.867994353670955	59.159789983206295
21	193	12	9	18.565675301431554	44.81529374547636
21	194	24	18	40.50697752472247	108.62872970413315
21	195	24	18	51.437237638413976	163.3499791984949
21	199	12	10	16.12866785324542	29.274938191925482
21	200	48	36	86.7213647384187	231.80531183702476
21	202	12	10	28.08006704502102	85.48538598160947
21	204	24	21	53.794631786077346	156.53583133322036
21	206	12	10	27.38904818318378	79.79218070037331
21	209	12	9	24.393795345155635	69.32957720346693
21	212	12	11	30.048556069362228	90.45142230326022
21	213	24	21	54.095954632482346	157.71223401521135
21	214	12	10	27.421222005420603	81.67078523313293
21	216	12	11	26.066433577572912	68.45416520568102
21	217	12	11	27.819413346231055	72.83410781632311
21	219	12	10	26.04806089787024	78.05981646921043
21	221	12	11	29.476502089838124	92.60112161441282
21	223	12	12	29.920388346246064	87.39343741322566
21	224	24	21	48.555571588079474	137.09182284462184
21	225	12	11	31.424113754090317	104.79961087552283
21	227	12	11	26.777207406542182	73.46466246193114
21	228	36	29	74.88690044177686	214.5926259797811
21	230	12	10	30.522282229169214	101.89034762308007
21	233	12	9	22.163468852860248	62.15685983094277
21	234	24	23	60.246719578190024	173.2521938945276
21	238	12	10	24.410255005220574	64.74421481033448
21	240	36	31	82.22707818390207	240.58901023472473
21	243	12	11	30.069650364681383	89.20318030526603
21	245	12	10	26.89762827589393	79.29979393377448
21	246	12	10	28.68535273968087	88.21019344387052
21	248	24	21	53.29305518752089	152.5572480160826
21	252	12	9	24.775524185390275	76.66364121771987
21	253	12	11	29.86965833916861	88.81662323855495
21	256	12	9	24.087381296039	75.60957626123869
21	261	24	23	64.29820569259675	208.31388234612456
21	263	12	8	24.55410362891647	79.36338728781051
21	265	12	12	30.553894216977913	93.14977946927095
21	266	12	11	25.016551624348256	61.54226262298814
21	269	12	10	28.108558263437374	89.36264114980114
21	270	12	10	26.021268203581375	74.30453036449192
21	272	12	9	23.610718839711186	65.68709624605518
21	273	12	11	30.44764606476557	92.6277221515153
21	275	12	10	28.365489930210945	89.04787890817079
21	277	36	31	82.98734558135526	246.1275179193053
21	278	12	11	31.942884507701745	95.36388507041423
21	280	12	11	30.820991576032352	95.4567552090434
21	282	12	11	32.14632920628672	103.65434803415052
21	283	12	11	27.347690012510693	80.75854523369506
21	284	24	23	55.06612872141061	147.5361049724216
21	286	24	21	57.83024966477379	182.35730759181547
21	287	24	20	53.250920801000106	162.90777771382704
21	292	12	10	27.35724507915618	85.48390100737703
21	294	12	9	26.17559402578988	83.88974187114958
21	297	12	10	29.777025080958982	98.7829568222159
21	298	12	10	29.55955747745314	96.4662408249074
21	300	12	11	28.55826512564183	78.39440518434823
21	302	12	11	29.156909934077216	88.98585239075994
21	310	12	10	28.83282121503548	91.35299068711305
21	315	12	12	28.276019948016128	85.7636916346563
21	316	12	9	23.182708981850382	65.43247830077948
21	317	24	21	57.728806366450215	176.79739132672432
21	319	24	22	62.26341650110847	196.61145451301235
21	320	12	12	30.259008865996293	85.47369585665481
21	322	12	12	31.35931791773375	93.81719557863116
21	323	12	11	32.12249591671704	100.74137481942319
21	324	12	10	23.956992705079855	63.36518151031117
21	325	12	12	33.195634178038326	97.94681935599888
21	332	12	10	29.456313292109822	93.57441662307686
21	340	12	10	30.332807150946202	99.95967796976215
21	345	12	12	29.30170026656274	76.58595846591348
21	346	12	12	32.859162067553555	99.25569076301507
21	348	24	21	54.057521143211716	156.47242571117408
21	358	12	11	27.21685488964786	75.33195429721886
21	360	12	11	30.4631673135331	95.3295755274592
21	361	12	11	29.557385711498128	95.87478115054405
21	363	12	9	26.66415944026769	84.5644755518505
21	365	12	11	27.66075628518109	82.47738753630634
21	370	12	11	27.376885941746735	76.59034197061212
21	374	12	11	26.841283548646654	80.8452677192285
21	377	24	23	62.344998463744965	181.24132535837873
21	384	12	12	33.76060673462695	103.52668666447828
21	386	12	12	33.35389976843459	102.85775696201156
21	387	12	11	32.27976206755003	104.49897606154492
21	391	12	11	33.279728566058026	109.88276785360681
21	393	12	10	29.424189550721337	95.18987262138123
21	396	12	11	32.325041185627335	104.09655334756681
21	406	12	12	34.99110197350123	116.25323610041838
21	409	12	10	30.534100269199012	98.0565682392956
21	414	12	11	33.7642193856998	113.96271476494995
21	416	12	11	28.25389227437271	81.038281387846
21	419	12	11	33.37259158147339	108.41087165049501
21	422	12	12	33.3944474898402	102.93814015971897
21	429	12	11	28.7142575556109	83.63694858409399
21	431	12	11	31.084218855411297	99.08195291934733
21	432	12	12	34.49267592231695	104.84171867940184
21	433	12	11	30.74300847465944	96.78448576041905
21	440	12	11	32.50089881062705	104.43513706949898
21	443	12	12	35.9697764246663	114.81269149787774
21	447	12	12	33.51267717444974	106.4171712066064
21	451	12	11	29.14665590663075	84.0039440426525
21	453	12	11	30.920105777714813	95.9305031533396
21	461	36	35	95.46928266692895	290.7186179220587
21	463	12	12	32.7848600840941	111.31696899659858
21	465	12	12	31.994191684500066	92.26896171516529
21	468	12	12	30.148609893880412	91.03509897754155
21	474	12	11	30.504673326279423	95.77764743152837
21	481	12	11	33.73728046953945	113.16354117159459
21	486	24	24	72.59139892419896	238.03951268736574
21	490	12	10	29.018023988415376	98.13861265445895
21	496	12	10	30.49435565381512	100.18655963210955
21	498	12	11	32.75088880302152	104.92074120711182
21	499	12	12	32.996567685410405	101.11559026103122
21	501	12	12	33.26385994245021	106.17417706132954
21	504	12	12	32.72174990088224	103.07102502792317
21	507	12	12	31.60965970681329	99.31119464651677
21	516	12	12	32.91763797342914	105.1774426802953
21	529	12	11	34.83001571719436	116.17024430328316
21	546	12	12	34.44668592414688	108.35962454836775
21	551	12	12	33.86005836820019	104.72620719286763
21	556	12	12	35.1599690951263	112.76729095257127
21	561	12	12	33.37688552842236	103.39410805872889
21	563	12	12	33.16504510142073	103.32473903273686
21	570	12	11	31.59789911190992	102.906815030923
21	579	12	11	33.81798210500345	109.69399044634794
21	584	12	12	36.11062492305707	116.47952838862491
21	585	12	12	36.29261512064878	120.71314042738611
21	591	24	24	70.34573963688285	228.91091356884198
21	619	12	12	32.55564008421558	107.31584092898403
21	625	12	12	35.510438206505626	116.84148483107899
21	648	12	12	34.784843633812535	110.19019594478881
21	652	24	24	75.39043881273324	254.64111770172792
21	712	12	11	34.690420508361804	116.36294460115221
21	736	12	12	34.478441393788366	109.07416033187666
21	749	12	11	34.277529727652514	113.5152057247005
21	781	12	12	38.58970718185388	130.01776109613286
21	815	12	12	39.065372396045134	134.5010933964901
21	856	12	12	39.72757448642617	138.0132825529431
21	865	12	12	37.665838011005604	125.19444823241643
21	866	12	12	37.58028324238851	128.70540729054457
21	872	12	12	37.74088621588292	129.53960197789314
21	932	12	12	39.590973655821344	136.44045303150608
22	0	231	0	0.0	0.0
22	1	12061	523	1550.183995689782	5404.677418550749
22	2	5383	388	998.4373743159331	3125.1450825910824
22	3	3269	333	816.1715559710877	2442.573761027856
22	4	2261	304	672.3250318140786	1851.0065430075206
22	5	1708	314	753.4658554013882	2206.5013907136095
22	6	1134	210	472.08516520810826	1352.5519004571493
22	7	1008	253	552.0141394147845	1509.7779991068585
22	8	805	209	466.421689872396	1293.1990339720119
22	9	791	214	481.56182817649415	1411.3844050046214
22	10	707	241	514.7296206551407	1409.3768463622114
22	11	588	172	363.579008104222	968.1286545709881
22	12	483	163	313.8392623945798	789.4582848557418
22	13	357	130	283.09451116414414	784.225717197178
22	14	371	128	264.178709426238	690.6955224284945
22	15	343	128	283.7937896551331	831.9216895123263
22	16	329	148	314.3274351629234	845.6096989148094
22	17	175	87	194.68543951595095	536.4274479513574
22	18	301	154	325.5925187169269	856.4320217704385
22	19	238	110	223.87089520965299	600.5864854671561
22	20	280	140	283.4699668298738	722.2201342486748
22	21	259	131	292.2108112998011	803.9616604573057
22	22	189	84	179.7601274739079	465.5925272102228
22	23	140	76	163.59168700391086	448.66650225527974
22	24	133	64	132.00341851554947	333.1932284615322
22	25	196	100	201.07443517587777	506.40811048303465
22	26	175	91	181.20797741252525	457.43381260599466
22	27	126	69	153.294642214556	437.2336871859178
22	28	175	118	259.73734846879864	699.4747315956997
22	29	105	53	115.78159624976625	306.2726814509083
22	30	140	93	200.91930955055233	527.9339685160146
22	31	77	47	101.15199891919086	270.22245130094205
22	32	105	64	137.8862703225752	368.3613137886615
22	33	126	79	164.90349153277685	425.5078967069571
22	34	84	52	110.48055286480329	279.5474374140062
22	35	56	29	56.75948536997892	141.35723279793555
22	36	98	61	137.0134635652397	372.96556645845885
22	37	91	57	128.30011387858352	338.8136140455948
22	38	63	40	86.04596607675478	234.39836021039696
22	39	126	82	179.8798255328722	473.3966991350658
22	40	84	52	107.21113439186743	282.24833939614035
22	41	56	38	91.8787709851091	254.67281262344545
22	42	63	42	96.88776942487216	272.080668096586
22	43	63	44	104.77324368193193	296.1252029011181
22	44	77	58	134.7855873193423	381.5748751363317
22	45	56	41	89.35007584315036	236.50860378352337
22	46	77	55	116.16469353066978	294.67331518768344
22	47	63	45	107.77653319252705	299.3214168888485
22	48	42	26	57.554804019418555	155.92014313286697
22	49	42	36	90.87890061018365	269.804005644419
22	50	21	16	37.434858848969505	100.29058359699636
22	51	70	54	130.52347004188493	374.59718178706004
22	52	91	69	165.030541815876	452.6423933932863
22	53	70	54	128.70258919914002	356.148101917605
22	54	70	53	116.35171189188748	298.6755097208368
22	55	70	54	134.4697312418943	379.12630654274125
22	56	42	32	77.43316694156871	214.09502016978288
22	57	49	34	75.8030280264994	200.61138019467023
22	58	49	39	86.58838882273841	226.0411624365905
22	59	21	18	44.400632526435146	124.048814628575
22	60	49	36	82.73998110943789	225.6678076494024
22	61	7	5	15.6199303025243	63.089258785860565
22	62	21	16	35.4870716097485	95.0283112322693
22	63	21	17	37.46298441681224	96.86447672198179
22	64	84	63	143.52652754092702	375.7829561932066
22	65	49	41	99.19451027966414	274.0146622972458
22	66	42	31	76.53351473905802	215.96900445311843
22	67	28	19	40.75616544135419	104.42184880604994
22	68	56	49	118.09868414913227	324.6897851840634
22	69	42	32	71.53897529519189	179.31757750607775
22	70	28	26	65.3487475755917	183.33465947403616
22	71	21	18	39.97815517872704	105.44837131518854
22	72	49	37	95.2713629253628	277.0576411614172
22	73	35	28	68.3297065982053	182.59067234312315
22	74	21	18	47.26616727163617	147.11851234660173
22	75	35	28	65.68355414279227	171.98150478286263
22	76	28	23	54.79368728806535	150.39317483977035
22	77	35	31	80.31633102431266	240.9204852585625
22	78	49	37	98.56864561886724	304.29405525794795
22	79	35	29	67.49687519903817	174.54579109790498
22	81	21	17	41.3553726269914	110.64816272987053
22	82	42	33	86.60170232939176	263.55606256988494
22	83	42	36	91.4797836117526	261.8509441617202
22	84	28	25	57.29951704622318	146.92366764567333
22	85	35	32	80.66218982078384	226.32609920155286
22	86	28	22	54.04032374409738	146.7326308415076
22	87	49	40	95.27461662986846	252.18169181231812
22	88	28	21	47.45528428423367	117.71228691249948
22	89	35	29	72.09471039329182	206.55785563489022
22	90	21	17	38.04045190659186	91.88053230297567
22	92	35	29	76.1843557487784	224.23159790148026
22	93	28	24	67.03420216861643	202.89830377047204
22	94	35	28	73.62382929040585	213.128324783016
22	95	14	12	33.59683592415234	100.10608412537673
22	96	28	22	56.45749398374137	163.5930243024004
22	97	21	17	45.8358857042687	138.55128516702118
22	98	21	19	48.939061193372524	146.78861560935516
22	99	35	32	84.41543958619333	251.24009901192872
22	100	7	6	15.801123084772891	46.00881651927449
22	101	14	12	34.66788083882695	106.9186677903465
22	102	21	17	45.31754040139656	140.71575392066458
22	103	28	24	68.26756556602717	220.76671638987943
22	104	14	14	42.244117170584126	150.411129882891
22	105	21	19	45.810016955866445	124.48917526381217
22	106	21	19	47.199150407213565	130.29208820529715
22	107	7	7	17.64699280941778	51.3117819119793
22	108	21	19	51.550007520233756	154.81543010453765
22	109	7	5	13.067069035376488	35.95816870690183
22	110	14	13	33.351930922103875	94.51854008976598
22	111	14	12	30.885097786108417	91.84430269197344
22	112	14	11	29.8642225244371	91.14132686756227
22	113	28	25	62.50366291780639	168.2696297030447
22	114	49	39	109.81467764153051	342.95841773587875
22	115	21	17	42.13020516557836	117.25483181534253
22	116	7	7	18.890828046737173	53.721164820204905
22	117	7	6	14.414014347634058	39.35248783673645
22	118	42	37	103.17823244287473	317.8218214777082
22	119	35	32	78.81033373833799	220.11855191206644
22	120	21	19	50.391807645832365	150.8903910724787
22	121	28	22	58.576112602339656	174.31626848387228
22	122	21	19	46.02439042466211	125.01090429408977
22	123	7	6	18.56365903291891	59.46471933457772
22	124	14	13	30.895704745938318	85.14860895219823
22	125	35	28	69.01809103208197	192.38797271878067
22	126	21	20	62.487539638305925	217.8991396241151
22	127	7	7	18.29044177217836	54.14795374575048
22	129	14	14	38.20599753557097	114.10741826618595
22	130	14	12	29.89482988162529	81.76184250593744
22	131	28	26	68.54122110919562	200.27421559702702
22	132	14	12	34.110068212566105	108.82312978282738
22	134	49	45	120.53292455572235	366.0100371412965
22	135	7	6	14.918260480727994	40.015558811818906
22	136	14	14	38.008733958598455	115.94440534675816
22	137	14	12	33.935772360090326	112.63129495679404
22	138	14	14	35.78499825264508	103.81578972142151
22	139	21	20	51.46266501409322	146.7120089139658
22	140	28	23	58.0707239284374	160.7717415483117
22	141	7	6	13.053162566175306	34.7662635600193
22	142	14	12	32.10108368869055	97.12744940572925
22	143	7	7	20.151483853957913	62.81818409425959
22	144	14	13	28.82721681452803	75.15651010270368
22	145	21	18	50.33984439973577	150.62477103960475
22	148	7	7	18.930384007709566	64.37811607830612
22	149	7	5	12.462777813781042	33.567914861389504
22	150	14	12	30.941833260007595	87.50217587188703
22	151	7	7	19.30886041090969	60.639796605091696
22	152	35	34	92.30533118857518	279.1885164985672
22	154	14	12	29.433679595554352	78.34037970553199
22	155	7	5	14.69586909417595	47.352063006023364
22	158	7	7	19.927246327212025	59.285649221906986
22	159	14	13	34.45380018750748	102.51699225015041
22	160	14	13	30.784667144499444	80.09386841160752
22	162	7	7	17.60576331133798	49.19671013972021
22	164	14	13	34.64844220820902	101.1273394928161
22	166	7	7	19.09193638289242	55.238194183297765
22	167	14	13	31.78212481751821	87.00026421698117
22	168	14	12	35.09048966257903	108.1467676894237
22	169	7	7	17.989952068362108	49.70604742276939
22	170	14	13	34.19067035319908	102.67435083425855
22	171	7	7	21.63589864921387	73.90318473485974
22	172	7	7	18.15637913443831	51.455665004986805
22	174	21	17	46.25133713015121	136.20232876345662
22	175	14	14	35.94621519919346	102.34376373562394
22	176	14	13	37.49638015462499	120.23547558548368
22	177	7	7	16.514226529906114	44.54623937717483
22	178	7	7	19.757104909413354	58.90720703135934
22	180	7	7	17.540407735599118	46.63018461784412
22	181	7	7	19.627032106079717	58.832165187444666
22	182	7	6	16.94802263261691	50.85829815749939
22	184	7	7	18.76306361612627	56.086275987842
22	185	14	13	33.43065117349987	94.3761242667321
22	186	14	13	34.35815608626925	99.57402126506068
22	187	14	14	31.568403578377836	88.69506509007289
22	188	14	13	34.671441289287934	110.15948755432744
22	189	7	6	15.09607183085883	42.6434038364352
22	191	7	7	19.64446011525589	60.65181203656688
22	192	7	6	16.757916308954293	48.730498988216254
22	193	7	6	16.94930009191536	51.88290519839619
22	194	14	12	34.831340601296766	115.72802453332166
22	195	14	13	34.86671031440856	100.12794830562534
22	199	7	7	18.059315930509438	54.26214286274333
22	200	28	25	71.22037180427763	218.37006631765934
22	202	7	6	16.573122444793388	50.87115880720444
22	204	14	14	36.54645206425047	107.00392917708288
22	206	7	7	18.019731413035718	51.004423880377345
22	209	7	6	18.299486853810002	57.001525478506636
22	212	7	7	23.788687709234303	91.95852902134278
22	213	14	13	37.395866995389035	116.99607158282122
22	214	7	7	20.47420309217239	69.03752131101345
22	216	7	6	16.734623114055985	50.72996614447292
22	217	7	7	19.05133168296807	54.45365161075967
22	219	7	7	18.03250268289111	48.96907436851404
22	221	7	7	20.095940089804046	62.20099788495405
22	223	7	7	24.333114721724257	99.33716469560437
22	224	14	13	38.60812002715687	127.93116920890935
22	225	7	7	22.248042453829065	78.0835562454101
22	227	7	7	19.326487131281944	60.272373066445304
22	228	21	21	58.54861581979405	176.273048348248
22	230	7	7	19.48585792524519	57.73341737200735
22	233	7	6	16.50289799886478	47.55971539841814
22	234	14	14	40.21688087472632	122.75112315753611
22	238	7	6	17.243863689579793	52.7539389748123
22	240	21	21	61.251464624908046	193.28125642677364
22	243	7	5	14.334605185707794	44.43427171949715
22	245	7	6	20.570339012572244	75.73165984388658
22	246	7	7	19.83747973787926	63.20132448826811
22	248	14	14	37.42092149223418	112.3352655718977
22	252	7	7	20.560643432311362	64.95254185827022
22	253	7	7	20.683977082348946	63.9973470957422
22	256	7	6	18.37917210438198	58.82535167488549
22	261	14	14	45.5874841054744	170.47988987490356
22	263	7	7	18.615154683190056	53.002749222531484
22	265	7	6	17.284411055947476	52.78276620232876
22	266	7	7	18.315748715935406	50.76178635437781
22	269	7	7	21.046985662830643	67.79285425405168
22	270	7	7	19.39993579032191	57.114670566076974
22	272	7	6	18.813533978178025	61.7300163627434
22	273	7	7	18.346175934419236	52.99416294586397
22	275	7	7	21.296777761463467	67.63025911061283
22	277	21	20	59.40518875479523	196.45479630465059
22	278	7	7	21.17723454812132	66.77534246277718
22	280	7	7	21.430437686799927	71.74895465489578
22	282	7	7	21.532284225526425	68.25569475025888
22	283	7	7	18.805893073577263	56.40028526903107
22	284	14	14	40.18587836122124	125.84406283793486
22	286	14	13	37.28749008506628	113.80730592496501
22	287	14	13	36.89287070048628	122.1769917450219
22	292	7	7	24.620357696838227	94.44846224136668
22	294	7	6	18.47573584494	59.78155386921091
22	297	7	7	22.67720964916931	80.7596442436524
22	298	7	7	19.21266905386433	58.487426153792754
22	300	7	7	21.264786747844912	70.42119337070937
22	302	7	7	19.940121554593254	60.283558649840174
22	310	7	7	21.568334051973718	74.41543462351761
22	315	7	7	19.179253478584258	60.69484408661539
22	316	7	7	19.80984114539285	59.381480188885625
22	317	14	14	40.441769781147364	125.74162542574949
22	319	14	14	41.12505445814291	135.52968723139702
22	320	7	7	20.324110526112122	64.79610603078913
22	322	7	6	19.780267769097314	67.92529023809846
22	323	7	6	18.298293748638347	58.79698825169696
22	324	7	7	19.945410399706883	62.322624153603584
22	325	7	7	18.918711235013483	54.59229923281531
22	332	7	6	18.054211909036944	56.35216732269265
22	340	7	6	18.55663777139838	61.169504178230596
22	345	7	7	21.78539579613552	71.11001591676515
22	346	7	7	22.833393683573192	82.42542254097317
22	348	14	13	41.462265233759304	138.78679554773294
22	358	7	7	20.19753674951683	64.90960301305705
22	360	7	7	23.820521047715758	89.31336165502142
22	361	7	7	21.644924142632938	74.57402315269476
22	363	7	7	23.006601032755487	81.97605632496433
22	365	7	7	24.618771085089932	95.34624999373688
22	370	7	7	19.9066499998576	63.03584901882259
22	374	7	7	20.65369607703666	64.82633929223977
22	377	14	14	45.91870867800541	163.59676454475624
22	384	7	7	21.45577026797551	70.15789890544427
22	386	7	7	22.4878391323397	76.40224799469075
22	387	7	7	22.818445071426282	78.80517042785972
22	391	7	7	22.28099328036667	75.58702426054901
22	393	7	7	24.342253110478204	93.49354218988427
22	396	7	7	21.290111991821373	67.92210344690034
22	406	7	7	23.695747090438516	85.92205250945516
22	409	7	7	22.82025264664651	80.97885003325597
22	414	7	7	24.937389750556854	96.56086837511762
22	416	7	7	22.80531713894235	81.11039472434703
22	419	7	7	20.898106386125885	67.78263269067364
22	422	7	7	20.54371356369254	64.30813951234366
22	429	7	7	22.13077428625086	75.92178692841638
22	431	7	7	22.287628325650058	73.88231964021095
22	432	7	7	23.050636499691258	80.79307663362995
22	433	7	7	22.669307623747407	82.50913454358188
22	440	7	7	21.25684619891214	71.53816774450733
22	443	7	7	23.58943477333028	84.29898959363192
22	447	7	7	22.083879642310063	81.00821734051044
22	451	7	7	21.01431598588536	69.79015032726572
22	453	7	7	20.450626680551714	68.04477015027678
22	461	21	21	68.38120209310622	241.13938661660035
22	463	7	7	21.967951237269144	73.18724824890518
22	465	7	7	22.416786531034518	76.39105675684424
22	468	7	7	22.498772828831015	78.22854507574671
22	474	7	7	20.64955127656612	67.32082848582657
22	481	7	7	23.35394921664896	82.04747575845782
22	486	14	14	47.74116547530532	177.97219095875985
22	490	7	7	22.825019521699197	81.32752272714427
22	496	7	7	23.184563142939794	85.03665450244888
22	498	7	7	21.301423463057066	71.0759673075849
22	499	7	7	21.37417437367055	69.0189012422857
22	501	7	7	22.957510457955394	81.97651968781352
22	504	7	7	25.686194659519845	102.0711807354406
22	507	7	7	24.392747105051754	92.79333681143656
22	516	7	7	22.294629423486807	74.61434469566578
22	529	7	7	22.197051393687556	80.3906435948623
22	546	7	7	22.626047786519266	80.24942369260268
22	551	7	7	22.162628409045183	79.3152689577115
22	556	7	7	22.368732547251177	79.83763654995636
22	561	7	7	20.05353717330602	65.10769402196773
22	563	7	7	22.040103656205776	72.60868740573488
22	570	7	7	23.962726399796182	90.92188093736078
22	579	7	7	21.718369057206722	72.10708121907896
22	584	7	7	23.005052428427188	80.74581298325529
22	585	7	7	23.987114512407153	88.06674148330765
22	591	14	14	46.24345062877414	164.88243989266172
22	619	7	7	23.941282618609286	89.93808735354621
22	625	7	7	25.89390505244477	105.2641506228526
22	648	7	7	23.322827382235662	84.36985873689216
22	652	14	14	46.419992425333405	163.54622450068288
22	712	7	7	23.00896451285659	81.57945175517108
22	736	7	7	25.057428406670162	98.31667788710317
22	749	7	7	25.0602069726462	95.48223798234527
22	781	7	7	24.421476347185394	90.70229519978504
22	815	7	7	25.217198865076906	98.39916991108744
22	856	7	7	25.000032240556305	97.22155403680765
22	865	7	7	24.393266019715025	91.17151567622732
22	866	7	7	26.372953627973537	105.61051647244167
22	872	7	7	24.628226942086478	92.78550513368764
22	932	7	7	25.336836307604425	98.72619777720878
23	0	297	0	0.0	0.0
23	1	15507	356	887.5596050329499	2683.0835974613774
23	2	6921	284	671.1587331123036	2016.4457921689664
23	3	4203	265	605.6285399368289	1801.3549914909145
23	4	2907	206	388.71218029507264	1018.3803540176941
23	5	2196	232	483.94554405624643	1319.9822048660858
23	6	1458	156	281.45969123121733	688.420584366326
23	7	1296	217	430.90075956285284	1124.812184618805
23	8	1035	157	299.49134913316936	776.3902933098949
23	9	1017	156	280.55015430311835	684.0029109623179
23	10	909	187	349.61175080944025	911.4973133609446
23	11	756	143	295.6425610709045	846.7720738160062
23	12	621	127	223.39969410115452	574.9706028800708
23	13	459	94	168.87764200909407	410.77652759987933
23	14	477	115	223.85522830076536	544.379485136063
23	15	441	102	183.56749124329377	451.94903559310785
23	16	423	125	226.43771024129825	540.9605785367194
23	17	225	62	114.64494920834237	262.5856732645186
23	18	387	122	223.04191568995446	553.2514791710867
23	19	306	84	142.47091073751977	351.383191687803
23	20	360	100	168.8249234046412	394.82944861074975
23	21	333	88	147.81675865436347	323.8496480796341
23	22	243	74	142.785303404954	364.8468440301163
23	23	180	56	97.95268015016973	220.3069861462786
23	24	171	54	88.59103574664735	193.20927018896475
23	25	252	81	146.5775781993101	356.1306202584028
23	26	225	81	147.9002760926668	382.28521310113115
23	27	162	55	90.014124798812	203.68126392099646
23	28	225	87	146.3531096992187	315.03323977125
23	29	135	38	65.45658870736995	141.54725089001175
23	30	180	81	163.30340155491558	434.292877393984
23	31	99	37	72.90061824429786	193.04348695986724
23	32	135	57	91.12346951412523	212.15373998334695
23	33	162	65	113.92609859860838	278.93265593741864
23	34	108	49	97.58699906908517	234.9863607478471
23	35	72	21	44.67186198143965	130.2094349167663
23	36	126	51	84.17962139526507	197.44538791011541
23	37	117	62	118.30544396688951	293.02856219883427
23	38	81	30	43.62951124893141	76.00352333604725
23	39	162	61	108.21390186173468	243.2132567988979
23	40	108	45	84.02058300846714	194.58372042350362
23	41	72	36	56.35742757115508	107.63825868979225
23	42	81	32	66.6576552330134	190.23225143153832
23	43	81	35	70.36206668968565	185.43024914220308
23	44	99	55	99.68397788051479	245.34490318843103
23	45	72	35	69.41407407423391	175.5694085386402
23	46	99	46	73.90911051619537	170.2998369792457
23	47	81	42	81.21107436797953	185.6250966417079
23	48	54	30	54.42326706781369	127.71845702717484
23	49	54	28	48.94002837356232	99.61700215472337
23	50	27	14	25.928644072294524	65.15344174261978
23	51	90	56	101.45375318605691	238.90325561850756
23	52	117	62	108.57416961749595	230.25562534869601
23	53	90	53	114.53875216654646	295.83086776104494
23	54	90	46	91.6919916786838	231.0702414564604
23	55	90	51	87.96773976170867	188.15476128630527
23	56	54	27	53.7672297497151	137.10133216103247
23	57	63	33	61.697468015224935	147.03465578933643
23	58	63	36	72.7187807169382	177.3433344833937
23	59	27	17	35.362111609313565	85.20273539583725
23	60	63	36	73.2349039642373	182.59372304904858
23	61	9	4	5.861606414757694	9.554709971792011
23	62	27	17	32.875733320553046	81.39949419270643
23	63	27	12	21.34336336206111	42.81740988323914
23	64	108	57	104.88177678797423	239.1357426769247
23	65	63	38	83.32980923541201	229.91315320157943
23	66	54	30	60.456863721272796	152.23680408993795
23	67	36	17	36.16358858948559	103.83970409855966
23	68	72	41	78.94000125848348	181.03458407533986
23	69	54	27	50.399674457162334	124.36557840185608
23	70	36	21	44.10703379921509	107.61370270536872
23	71	27	14	26.282711368060372	72.38706158299121
23	72	63	31	66.38697227553335	171.0273571902989
23	73	45	24	47.86580634610722	115.28978022016494
23	74	27	14	29.402515868233216	68.2291868263272
23	75	45	23	43.54798544537479	107.48768442291382
23	76	36	24	50.55841841772674	134.40574257853865
23	77	45	28	56.74457254129514	139.26601663463714
23	78	63	34	66.53939805084866	169.84976168000793
23	79	45	27	60.00752310675563	163.48259875543476
23	81	27	17	34.5068057099017	80.81075952275147
23	82	54	30	61.0078650409066	140.85500971902593
23	83	54	32	72.38400415357994	202.25133221731232
23	84	36	18	34.81848407405428	79.4056191471174
23	85	45	28	61.39713212656972	168.86673682681328
23	86	36	22	49.39754466457116	129.02165793984148
23	87	63	38	80.53826331819174	209.94638531179947
23	88	36	21	50.343323126832345	143.66842243859296
23	89	45	26	54.80321537934101	141.02411452130826
23	90	27	14	24.694462432866008	50.583099762461245
23	92	45	26	56.79737546474716	151.59618682297554
23	93	36	22	42.67087698000076	108.1767422100657
23	94	45	27	58.604645166747986	157.58759078429668
23	95	18	13	29.556884613791627	78.68971532412135
23	96	36	20	44.39806440193941	115.58529128389861
23	97	27	17	30.04255131068651	65.00065384327422
23	98	27	17	31.558590788900926	67.5201705627232
23	99	45	31	75.91442408147958	230.56319556443495
23	100	9	7	13.947382536054384	29.68708513891525
23	101	18	11	22.619461332358714	53.49071990132565
23	102	27	15	27.22002983981693	58.76012598692916
23	103	36	23	55.955584423992555	167.17560853808197
23	104	18	12	30.3930703738052	86.0491782591049
23	105	27	17	34.84770900193542	82.33322672889105
23	106	27	17	40.365173549416326	112.42444829027635
23	107	9	6	12.513919810509204	29.00639456690348
23	108	27	17	31.93868268533565	68.75653714817786
23	109	9	7	15.648983909459876	48.357968672727424
23	110	18	12	27.641385179557602	73.0680037390942
23	111	18	13	28.093578188599416	74.5533742458854
23	112	18	12	30.756258069874562	91.7452764087545
23	113	36	25	46.5965173689261	100.8502682896199
23	114	63	44	92.6660396561484	236.92378934322338
23	115	27	15	34.881064201437646	95.15625401569883
23	116	9	6	15.876846440856342	48.244259259454765
23	117	9	5	10.514874376428311	22.730673999723855
23	118	54	35	89.63506612685951	272.9252181000801
23	119	45	27	50.57404881313234	112.60960953650186
23	120	27	18	40.818407557954735	108.10981783012427
23	121	36	23	55.51747407354134	150.64214857548765
23	122	27	18	39.698544700602135	116.8283811507216
23	123	9	6	11.162004844576368	23.580661322382955
23	124	18	12	21.508045751543264	44.058413511185464
23	125	45	30	67.56541354204967	173.5009320893997
23	126	27	19	45.74933656786004	127.37147344221611
23	127	9	7	15.685479055152086	40.50255887365874
23	129	18	14	30.507253168122194	74.32703605009422
23	130	18	11	28.626117528082535	79.74191706393755
23	131	36	26	59.4938707441576	154.3712790404174
23	132	18	13	27.26083129021996	65.29965697004832
23	134	63	41	95.31580736177165	269.5531437181559
23	135	9	6	11.785050039780138	24.40171918945208
23	136	18	12	27.464617001701818	72.4565861168275
23	137	18	12	27.022200235028865	65.82010540437687
23	138	18	12	25.32426081276836	62.7550474446483
23	139	27	18	38.095759868922535	95.34761606586687
23	140	36	24	53.63311273901553	136.83437971986197
23	141	9	5	9.58158727637105	18.990575363071077
23	142	18	14	32.65302956962551	84.71888509040375
23	143	9	7	17.493678119429145	46.83489563966975
23	144	18	11	28.764408263826247	87.5862079154411
23	145	27	18	47.02960579262468	147.2143967256374
23	148	9	7	16.690066382404844	50.0346772133167
23	149	9	5	12.554079680141209	32.57486660119241
23	150	18	13	28.225126569450826	73.39101983018494
23	151	9	6	13.724724210756772	44.03529835275416
23	152	45	32	70.15639049783906	193.9599800573751
23	154	18	12	30.216048993748313	89.1361437060519
23	155	9	7	14.65920330308606	34.785464834051766
23	158	9	6	14.473096706847095	41.69077155310681
23	159	18	12	31.73634829177729	93.24253175802873
23	160	18	11	23.596976204313073	57.320167532328966
23	162	9	6	14.922849441997132	40.565512922698275
23	164	18	13	32.625666359363365	88.60371792147822
23	166	9	6	18.692024703494916	62.64712769075258
23	167	18	13	35.243758651352024	106.05639652653329
23	168	18	12	31.028006128856617	91.88437849129033
23	169	9	7	14.870028612856132	35.739469274258965
23	170	18	12	30.742872612061056	83.4891218566738
23	171	9	5	13.880059642835526	46.17400550918754
23	172	9	6	14.125075502859291	38.659338295581406
23	174	27	20	54.60878867608871	179.59786153093776
23	175	18	13	26.255695541862597	60.103083999725
23	176	18	13	33.72052328079445	92.47576542418126
23	177	9	7	13.70414431665603	29.670946015908193
23	178	9	6	17.26177442630663	54.22171016509444
23	180	9	6	17.282721755435652	52.97338931471543
23	181	9	6	15.202500416698106	41.02998184367201
23	182	9	8	16.32688902495824	48.31328016142514
23	184	9	6	13.515910270678123	39.841667331664794
23	185	18	14	36.66912509785618	112.94359509437203
23	186	18	12	31.939020974568415	93.85187027014092
23	187	18	14	33.24830879002585	100.23909789531268
23	188	18	14	28.65903006651811	75.95488319450327
23	189	9	6	16.09131655125742	51.266057059066874
23	191	9	7	18.554215312541825	60.33628709107957
23	192	9	6	17.965280361288883	59.613045638711085
23	193	9	6	14.609189494471826	36.51680116903855
23	194	18	12	29.90007529690098	82.91281714855504
23	195	18	13	31.089982459392147	85.20960426062562
23	199	9	6	13.781374340921113	37.74710687715455
23	200	36	25	59.061044957921396	171.70354647070192
23	202	9	7	19.584390215014274	60.061979798543575
23	204	18	13	33.4686551764148	106.28383699589546
23	206	9	6	18.03376730748573	57.505836598450855
23	209	9	5	13.41166623906772	36.9945349035419
23	212	9	6	15.036494397020181	44.92668068387771
23	213	18	13	34.75772786805245	106.03685734998011
23	214	9	7	17.38491315281414	50.26495340430549
23	216	9	7	16.878590821443584	47.28221495832921
23	217	9	7	14.953675698060309	35.98455590992673
23	219	9	6	14.86646826919804	39.0779329040988
23	221	9	6	15.399169881678159	48.72641880400144
23	223	9	7	17.95490877594804	53.64262636672876
23	224	18	13	34.232223547257135	104.82093157217565
23	225	9	7	14.809385987752504	41.394969586369285
23	227	9	7	16.613646651683226	46.17940826501357
23	228	27	20	54.95943746965622	168.53222101858194
23	230	9	7	19.802668305526332	65.97840233169595
23	233	9	7	17.598883005163092	46.73195594586451
23	234	18	13	37.11475058129137	119.92893365051198
23	238	9	7	14.348421157641276	33.27682021118912
23	240	27	20	50.29457309214646	150.0887041093373
23	243	9	6	16.155221043303676	45.56990234451861
23	245	9	6	14.964435278260613	38.665595532837315
23	246	9	7	15.510283175786324	39.8183412537919
23	248	18	13	32.31892446969206	96.81633084151514
23	252	9	7	20.142107183064788	65.80259091183166
23	253	9	7	15.764063709181205	47.24895265534829
23	256	9	6	15.705651146289584	42.43940860225255
23	261	18	15	37.82000703818262	109.13210635407606
23	263	9	7	18.736427313026894	53.58206615001666
23	265	9	7	17.78471563801896	53.417638329616324
23	266	9	6	20.633888906404586	76.8917030522776
23	269	9	6	15.681254061724157	46.0066267709837
23	270	9	6	17.227740315131303	54.850649886518916
23	272	9	6	18.783259338269318	65.7020196946903
23	273	9	7	17.664297433304437	55.350950345114086
23	275	9	7	17.695547985004403	49.37292662156277
23	277	27	20	53.264675194109024	156.86279187802558
23	278	9	7	20.791782809842314	69.12654096579102
23	280	9	7	17.480906584343508	54.37525305295164
23	282	9	6	18.90108352841801	66.8092231655169
23	283	9	7	17.474878153572444	55.79852929095839
23	284	18	14	31.271940249025892	88.41273559713784
23	286	18	15	41.21325908429558	132.5345036886172
23	287	18	15	33.168258293121326	89.33646919502041
23	292	9	8	18.891518535942534	51.737260585743236
23	294	9	7	19.146434765562525	59.13002809612671
23	297	9	7	18.83226988234421	59.307131326811955
23	298	9	7	16.110294465442905	42.259746483764246
23	300	9	7	16.811622137724925	48.993454317264224
23	302	9	6	15.940532169073057	43.998460464912036
23	310	9	8	19.360878519581178	54.47624484992935
23	315	9	6	17.330809418984806	55.05578558989948
23	316	9	7	19.64307382085797	61.80731482660113
23	317	18	14	38.46858620284511	126.2984932055326
23	319	18	13	38.343993393018394	129.56028182658125
23	320	9	7	17.63673778779048	51.19012192788824
23	322	9	6	18.948846117626946	64.07677452254256
23	323	9	7	19.527787719842006	66.03109194424877
23	324	9	6	16.571774201254065	48.706680377544316
23	325	9	7	19.359319138662947	57.54828907391254
23	332	9	7	17.406737917833905	51.3487927421686
23	340	9	8	17.727494293236532	45.48073081749311
23	345	9	7	19.416865455713825	65.38049913999697
23	346	9	7	20.28591562679335	64.0080476253832
23	348	18	13	37.43601724192298	117.7984991559194
23	358	9	7	18.591828997397897	61.629540035980305
23	360	9	8	19.811888630312996	57.26433129870634
23	361	9	7	20.43219760558214	72.2818039499762
23	363	9	7	19.17927515466635	57.70753313333721
23	365	9	8	18.892218720534743	55.19884754238357
23	370	9	7	22.65446501225312	77.14111539311116
23	374	9	7	16.636415598857567	44.5925576291019
23	377	18	14	38.465221452416934	123.88051705755927
23	384	9	6	18.92438936923796	63.21688397138573
23	386	9	8	23.856110281786577	80.30081198364229
23	387	9	7	18.79478520450631	60.916608588466
23	391	9	7	18.12960810298733	53.845099180518126
23	393	9	7	21.144132239143993	75.63104869103208
23	396	9	6	17.367415360911092	52.31490988387595
23	406	9	7	22.386527136280993	79.71456120747602
23	409	9	7	20.24330624434694	69.356488532746
23	414	9	7	20.411258945753655	70.15291771460723
23	416	9	7	17.926863527322872	49.39330765063283
23	419	9	7	18.786791906187943	59.377362358241506
23	422	9	7	21.447188006091853	78.84027267206733
23	429	9	8	21.171917814202185	73.21661315912938
23	431	9	8	24.829513434685456	90.80741040362902
23	432	9	8	23.673514274219762	80.51488010124666
23	433	9	8	21.538435358550018	65.13073789058618
23	440	9	8	20.55404247584412	64.56853859900785
23	443	9	7	21.00840972794194	66.95248177738233
23	447	9	7	22.450574917933544	78.90548740780008
23	451	9	7	24.103138097872137	88.61060429896413
23	453	9	8	23.77703118316025	82.15078275196883
23	461	27	22	58.94242196808054	191.198656351425
23	463	9	7	20.33784550700402	66.69852121139908
23	465	9	7	21.426829955563296	73.7027758886411
23	468	9	7	20.901360946464287	75.65780645626066
23	474	9	7	18.76621617177496	59.176883487589734
23	481	9	7	21.358855305089772	72.33556999762848
23	486	18	14	44.859482411264715	158.21321865337183
23	490	9	7	22.215934503806388	78.20024506664528
23	496	9	6	19.62983961490704	69.20522432693667
23	498	9	7	19.29089779047426	63.82812776310097
23	499	9	7	20.257972431041757	70.33016603325285
23	501	9	7	20.251436178328696	67.82653529997687
23	504	9	7	21.618674907824623	77.9344274756886
23	507	9	6	20.83297772042133	76.7672515561359
23	516	9	7	23.8429850032636	84.80906583758747
23	529	9	8	21.83556108075635	73.90948653287563
23	546	9	7	21.53885901066519	78.2243562650927
23	551	9	7	20.464518712486857	71.79186354744456
23	556	9	8	22.52278808700494	69.43143331885122
23	561	9	7	19.768632353615068	65.677471841948
23	563	9	8	23.867008677061	80.72433103358524
23	570	9	7	22.184304731843035	73.50120982919746
23	579	9	8	22.32231493500598	75.47742149288567
23	584	9	8	22.78809932561446	79.96940136283804
23	585	9	7	21.739267681115255	73.78340677624934
23	591	18	15	46.382113815062766	159.79877635861615
23	619	9	8	22.526135963218174	79.1131064532243
23	625	9	8	21.782293991065984	71.58074135287035
23	648	9	8	26.694746754461768	95.70110003461929
23	652	18	16	52.00300295214758	188.3705519675304
23	712	9	8	24.484116957768755	84.64262770912543
23	736	9	7	20.55222608636947	72.28471918216383
23	749	9	8	26.533188066342802	94.06632189144108
23	781	9	7	22.87779551459088	80.11742921288281
23	815	9	8	27.257769101052116	99.47948941103337
23	856	9	7	24.29034754840307	90.60850113785543
23	865	9	8	25.579225502733905	95.52525426903605
23	866	9	8	28.143212750024276	105.92040451693629
23	872	9	8	26.758149064212645	94.67149218499556
23	932	9	8	28.096039255367717	106.0602065182814
24	0	264	0	0.0	0.0
24	1	13784	735	2001.467724975113	6409.716549330051
24	2	6152	547	1324.8236479190666	3952.740871423075
24	3	3736	502	1213.1783308962556	3590.9412110260228
24	4	2584	436	942.1111466492661	2605.099895800223
24	5	1952	405	932.818976179838	2717.667855098687
24	6	1296	296	607.1213131040989	1583.1140491081453
24	7	1152	351	731.1029306058921	2005.8083907269383
24	8	920	274	539.6489319328798	1335.9371676082014
24	9	904	298	615.8718737400416	1656.7375904570258
24	10	808	313	579.9122897629363	1425.771180730718
24	11	672	250	505.1827048328478	1305.8258299863396
24	12	552	214	420.0341250763578	1143.7254847436088
24	13	408	155	305.06173758265425	777.0216111512166
24	14	424	192	423.13620324483554	1165.942995854399
24	15	392	159	323.85335850801584	872.612392190347
24	16	376	197	367.5017708262046	899.333359432259
24	17	200	107	242.94302955896848	690.2312455178931
24	18	344	201	400.20027340613547	1039.0983741673012
24	19	272	133	244.85475591382482	638.7790964147397
24	20	320	161	324.6413754904365	858.0614992626752
24	21	296	161	321.4084396593622	841.2970404060054
24	22	216	115	240.86732265739124	637.075586885277
24	23	160	89	197.40938718907054	542.5067951242406
24	24	152	102	211.41020811959373	542.6268101682529
24	25	224	139	272.1361498179819	678.2394851600227
24	26	200	127	264.5440090183846	681.2531951699011
24	27	144	79	153.02929053616126	398.43728857062047
24	28	200	138	277.45525890218477	728.6257151724224
24	29	120	68	164.5789207692236	475.67814922666423
24	30	160	112	241.75353981425366	676.0850506341575
24	31	88	56	118.98626578923903	306.53709644359714
24	32	120	71	132.2549147567658	327.1414184059847
24	33	144	97	180.4391063824707	437.08192380271987
24	34	96	65	151.44922088343233	421.6561495271264
24	35	64	40	84.57341620898177	229.93149168491186
24	36	112	75	154.698934174771	398.7801692970303
24	37	104	76	149.71527031046722	369.12219878332974
24	38	72	49	100.02037034636328	257.7905621581604
24	39	144	106	210.6067563560618	526.9395436690506
24	40	96	64	142.66441083568128	381.6927239624588
24	41	64	55	102.53163494781533	254.4399269759419
24	42	72	46	99.61109409053539	257.6353661427586
24	43	72	57	119.27355563739422	312.4785572273541
24	44	88	72	134.3173839443255	331.81388820795786
24	45	64	43	88.69819234645037	229.90292472713264
24	46	88	64	134.70739615236522	349.609870857712
24	47	72	56	130.83266519566342	371.5160813755207
24	48	48	38	83.64693754113497	224.13724214249316
24	49	48	42	82.42157192206818	223.1325488535421
24	50	24	21	41.46645683843914	104.00734275899136
24	51	80	75	137.68115258081426	332.1327128043332
24	52	104	89	190.677222692518	529.119747865193
24	53	80	69	163.671881238423	469.3613481829758
24	54	80	66	139.6292323164997	383.94182198274194
24	55	80	68	143.97488407491454	406.40940957397504
24	56	48	38	82.83458625390898	232.61701023792966
24	57	56	47	91.95368261281105	230.93825491619134
24	58	56	49	128.82192943485285	392.66125459378645
24	59	24	22	54.57566836716206	158.68616734626778
24	60	56	51	101.2055509770733	257.89006823146974
24	61	8	8	17.70527041058564	47.557973356685295
24	62	24	21	50.24598765634957	148.11115857361312
24	63	24	18	40.485961422712734	112.6388663353753
24	64	96	81	192.83083211963316	541.8034103178279
24	65	56	52	116.10470411411981	319.975585737159
24	66	48	42	93.91831985979026	264.76019136998747
24	67	32	25	55.21526219841921	159.98577157351707
24	68	64	62	134.2326659609812	367.0237072443498
24	69	48	33	75.55522000901703	203.83819059479183
24	70	32	32	71.01669876030715	205.23544004651006
24	71	24	20	34.304533051821494	75.21324029254907
24	72	56	46	104.03878673132441	287.517545409367
24	73	40	35	81.49578645555663	219.24912850148363
24	74	24	19	46.49009798719446	145.31784376036052
24	75	40	31	69.18943538934994	187.2059393697214
24	76	32	28	66.36244980944534	191.83712473018485
24	77	40	37	81.58840864958674	220.80987599439015
24	78	56	47	100.1887113726917	287.58288281519333
24	79	40	33	77.73722522251893	229.88508062186665
24	81	24	21	43.327074791614194	112.19053209392565
24	82	48	41	93.65083731689572	249.60681733044032
24	83	48	47	119.92888130782057	365.54064344949086
24	84	32	23	57.50380985269297	171.81342073540605
24	85	40	39	90.39717722590224	271.4768834706109
24	86	32	28	68.24936154275419	204.27568971915213
24	87	56	49	120.66740785706108	367.4405741363739
24	88	32	30	68.83778189288807	186.87000738698842
24	89	40	34	86.25487372277405	263.71744433030824
24	90	24	22	41.268075109033994	103.171300895852
24	92	40	33	77.12528329931398	231.00384490018675
24	93	32	29	72.67511513635347	206.7661135422851
24	94	40	36	79.39103224748234	225.0945951272786
24	95	16	16	41.16832987286731	119.41650179326192
24	96	32	28	67.71441433513537	192.81030112885668
24	97	24	22	54.063661236047736	169.08015010597086
24	98	24	21	52.449291537582695	158.0875305773402
24	99	40	38	84.76941857503427	250.04896598173661
24	100	8	7	20.130275270287385	67.49456153701838
24	101	16	16	40.210144195602616	121.93265460975663
24	102	24	21	53.24068225883343	162.49476467255516
24	103	32	29	70.07977118560024	203.4194364068332
24	104	16	15	39.89794526499035	123.14516826500696
24	105	24	24	50.55227443801546	138.93922720539152
24	106	24	21	54.563307210500625	168.79453610944915
24	107	8	7	16.047993072496247	47.46531144159979
24	108	24	22	59.95446131589786	194.98011631750626
24	109	8	8	18.228260051896747	55.51261437858472
24	110	16	13	34.05055497394004	109.95660016131143
24	111	16	15	34.610327369116646	104.54201605409729
24	112	16	14	37.026224081121256	113.98199861220078
24	113	32	28	62.29460393560059	177.2224825217341
24	114	56	56	135.52954478930872	397.5280089939886
24	115	24	21	52.35239872946694	143.85458445287358
24	116	8	8	22.63459091819478	73.96196773258924
24	117	8	8	19.286285243609207	52.97493869286552
24	118	48	43	107.50805736673895	329.53869101057853
24	119	40	36	83.41703025237004	227.24129670447016
24	120	24	22	50.47349106302414	144.3921629998803
24	121	32	27	67.89586344088056	203.93000804589718
24	122	24	24	48.651222347505964	143.67403296980362
24	123	8	8	16.766517512137565	45.6865614833019
24	124	16	15	36.04381238636661	111.65522623414445
24	125	40	39	101.08482037978644	315.6360242453419
24	126	24	24	59.56456285074401	178.70982601440463
24	127	8	8	16.502956034242313	42.78971880694999
24	129	16	16	43.469674152018555	137.74864200743136
24	130	16	16	39.05347631567454	117.27339710758588
24	131	32	32	81.31170715171396	255.4475224756897
24	132	16	16	43.15216893358787	143.8055092825296
24	134	56	49	128.83084645847114	402.4895555767771
24	135	8	6	18.57433181530559	59.2699453476197
24	136	16	16	32.30540023867684	92.85575148167737
24	137	16	14	36.404533442987905	122.35870770937836
24	138	16	15	38.16282631740845	110.52735575177033
24	139	24	21	51.535609180319	154.12296840839718
24	140	32	30	76.16171573712067	230.35903319251992
24	141	8	7	17.819257553479137	54.11095559113758
24	142	16	14	41.41545752070736	136.83287359443364
24	143	8	8	22.52144430822118	67.71544407160647
24	144	16	16	44.89368755148877	143.73438950219267
24	145	24	24	60.50163612813361	188.80761774446708
24	148	8	8	22.55117172643668	71.87089635572943
24	149	8	7	17.55531733644628	49.89995058713981
24	150	16	16	44.15575205326801	141.33951289087608
24	151	8	8	16.102534981776277	39.28265789824771
24	152	40	40	99.03607914540997	307.56978547762924
24	154	16	16	42.043542318230905	133.324246926407
24	155	8	8	19.924721908072005	58.857147168953304
24	158	8	8	22.489995163619515	72.56880841614972
24	159	16	16	42.04251509524456	135.54049720022323
24	160	16	15	39.49963023712742	119.86844270206674
24	162	8	8	21.071461549695506	65.34187965126755
24	164	16	16	45.920709199943744	151.9035706545667
24	166	8	8	21.444209846408878	70.45398816816314
24	167	16	16	43.62807970308985	139.72103356501276
24	168	16	16	38.08897749913265	120.6461678953126
24	169	8	8	19.13434632659078	53.60426917915701
24	170	16	16	40.33684871893931	124.2040224494032
24	171	8	7	21.386174619281274	71.46234688730794
24	172	8	8	20.887854662929524	74.42045986023615
24	174	24	24	66.38578891975096	226.05692276224187
24	175	16	16	41.85277691036431	131.90623917093507
24	176	16	15	44.39373104082534	150.40282805833488
24	177	8	8	21.187281964543438	64.58883602681611
24	178	8	8	22.67634531637067	80.15637837424997
24	180	8	8	17.213971251305686	46.912542908798954
24	181	8	8	24.20514509643605	82.16777559040771
24	182	8	8	21.279927542180843	72.25481247963636
24	184	8	8	18.759562128333002	57.47527147658225
24	185	16	16	41.701641570720845	130.41889535618338
24	186	16	15	42.538344956291624	137.8530251014825
24	187	16	16	40.783369959591965	128.98129330051395
24	188	16	16	39.285940007492215	114.79534898564543
24	189	8	8	21.162477886291626	62.49888719982462
24	191	8	8	20.977298053546722	69.24816399324199
24	192	8	8	18.551357508989373	58.059380729560885
24	193	8	8	20.294175232595663	61.1252085932032
24	194	16	14	39.5555259608112	130.1740494449758
24	195	16	16	40.22655627189397	134.42351088133563
24	199	8	7	17.60846767957152	53.66436270595001
24	200	32	32	80.96846824795688	266.58169378399265
24	202	8	8	24.059741283053846	78.74995297579925
24	204	16	16	41.933089803720165	132.20609262635685
24	206	8	8	21.705491556075373	67.93693208361668
24	209	8	8	24.17121605710927	84.49578349577715
24	212	8	8	19.867625058102306	57.30121469672616
24	213	16	15	42.6281570844217	141.90628590363167
24	214	8	8	23.81370769696541	82.43812189769191
24	216	8	8	22.815055727227104	73.14975817217562
24	217	8	8	18.55620440417158	54.35562293818009
24	219	8	8	20.509568149330644	64.91626672396637
24	221	8	8	21.433279841026284	65.99523192778811
24	223	8	8	23.654860840116378	83.7111788231013
24	224	16	16	45.32619545873052	156.33388213227278
24	225	8	6	20.134438114627223	72.46250988691935
24	227	8	8	22.82252082165249	73.92636779999033
24	228	24	24	70.92113093187687	255.99670516249427
24	230	8	8	23.38294771118303	78.71233170221333
24	233	8	8	22.179601931541242	73.02135541445406
24	234	16	16	40.49212411255341	125.88102656676031
24	238	8	8	20.79481629683343	61.37124817933457
24	240	24	24	73.87824767950677	269.36590860878505
24	243	8	8	23.574855832873908	77.96528284669421
24	245	8	8	19.431052952817545	64.25130147662301
24	246	8	8	21.395875307193172	69.92938329392663
24	248	16	16	41.82270117856342	136.41413502644713
24	252	8	8	22.800133772542793	76.03414488466967
24	253	8	8	23.149904712143197	74.11421809428276
24	256	8	8	23.963033662675187	84.01721160249002
24	261	16	16	47.26776018361347	161.75629808984064
24	263	8	8	23.659373306611357	88.48417312829076
24	265	8	8	23.49109637554088	81.38577803159971
24	266	8	8	25.16060269834221	94.70700421371114
24	269	8	8	20.956681243011687	68.10499556752899
24	270	8	8	22.327434599346297	74.33406181613135
24	272	8	8	24.9011235329586	88.16000192563773
24	273	8	8	22.139937295724906	73.95139550684655
24	275	8	8	24.21630124087278	79.15706863388468
24	277	24	24	66.48108462122363	222.58103444810936
24	278	8	8	24.314850505359793	81.34013500885304
24	280	8	8	23.25825954515659	73.7947286309971
24	282	8	8	24.794476486253522	85.36985334141752
24	283	8	8	22.54443786121315	72.52327936750359
24	284	16	16	46.806130317806435	159.10045340693165
24	286	16	16	46.16824558232272	155.19405229821217
24	287	16	16	46.336310613765136	156.3374463341343
24	292	8	8	24.9268604193498	89.69920676995747
24	294	8	8	25.293169499259434	88.93655441866119
24	297	8	8	25.355409392329882	89.0770945694701
24	298	8	8	24.03962589526097	78.6498219794288
24	300	8	8	21.380156816004067	71.83152722298217
24	302	8	8	23.43394058667802	79.12180434807514
24	310	8	8	22.825631347521266	76.76319840324763
24	315	8	8	21.874326821548625	66.66425482758379
24	316	8	8	21.182018104005007	71.96723974719352
24	317	16	16	49.833390448993015	183.39300008506956
24	319	16	16	51.559759739435506	189.04312042097294
24	320	8	8	22.89391745357414	72.14703824743872
24	322	8	8	25.654934901651888	90.00061149424542
24	323	8	8	24.00496893305217	80.68229541817149
24	324	8	8	22.433156702211562	74.42792622501588
24	325	8	8	24.94565612124253	86.12062569972773
24	332	8	8	24.310084519397407	81.87289677861759
24	340	8	8	25.13485393261037	89.91646776787394
24	345	8	8	26.579360242310173	96.99528381342385
24	346	8	8	25.024523913262286	87.90883426728868
24	348	16	16	48.638926222395156	175.48815352927267
24	358	8	8	24.42661029510524	87.76175029050799
24	360	8	8	25.849658453779384	91.40325567736161
24	361	8	8	25.630379273015265	91.75485458670892
24	363	8	8	22.28734099123389	86.3511049106693
24	365	8	8	26.98563443916671	100.7645804969357
24	370	8	8	25.235784279543424	92.83102151553291
24	374	8	8	26.83210211085953	99.6064659433527
24	377	16	16	51.44221131857882	185.67790042542
24	384	8	8	24.44757834581664	87.65960994373607
24	386	8	8	23.955809141419742	86.55741741865701
24	387	8	8	25.605019000071675	93.53807829450646
24	391	8	8	24.376724243091708	85.65305134538595
24	393	8	8	23.61691128882019	84.85307919809917
24	396	8	8	25.307475830548796	91.187607916588
24	406	8	8	25.79602198878696	92.50495653696282
24	409	8	8	25.781139619494496	89.95394150375438
24	414	8	8	25.43492210123765	88.6382556371567
24	416	8	8	25.337398816752128	89.54721381079734
24	419	8	8	24.841163377770698	87.28725375933212
24	422	8	8	25.905016467634958	95.47256174254838
24	429	8	8	23.98526551477234	84.33633355385285
24	431	8	8	25.24273119426806	90.37890164590891
24	432	8	8	26.039006974960337	97.70528630171512
24	433	8	8	25.48836634468281	91.85549238206188
24	440	8	8	25.89370528006275	93.17929985150235
24	443	8	8	24.76665670684032	91.95024246998548
24	447	8	8	25.857432181945917	90.99360600609722
24	451	8	8	26.798659251418684	105.1729406281293
24	453	8	8	25.487220303704483	93.09734469322672
24	461	24	24	78.25400696071034	289.0400545903642
24	463	8	8	27.306492464218458	101.35056332712612
24	465	8	8	26.20153331157747	94.90623160898937
24	468	8	8	24.170550180323673	85.46787027044984
24	474	8	8	24.50028970636238	87.69006704532947
24	481	8	8	26.643775429290528	97.217106046329
24	486	16	16	54.5180404895582	205.2254321208319
24	490	8	8	27.040198952859473	101.40379247466473
24	496	8	8	24.57887855657826	84.03518709598109
24	498	8	8	26.25173639903481	98.2399468095973
24	499	8	8	26.230685420168623	93.63135913860054
24	501	8	8	26.815184668566694	100.56206477741796
24	504	8	8	28.44767418626416	110.70055793150016
24	507	8	8	26.58178360905908	98.17222820873718
24	516	8	8	25.078062257293567	90.36985021516466
24	529	8	8	27.972226192625183	106.569465653214
24	546	8	8	26.474316592121312	98.5974907564906
24	551	8	8	26.364376968639732	99.13984660745601
24	556	8	8	26.639330510411526	99.91772222775336
24	561	8	8	26.65100525888542	101.02502974142314
24	563	8	8	26.08794385620903	95.8989125140057
24	570	8	8	27.529791057873233	105.40430856421725
24	579	8	8	27.691934516397822	105.09002602595444
24	584	8	8	27.54356399367213	105.1452061764219
24	585	8	8	26.58581738112877	99.53358010068884
24	591	16	16	55.53803475870252	212.08632710275623
24	619	8	8	28.57740847494404	111.77323071305123
24	625	8	8	27.155335813527955	104.30691923823875
24	648	8	8	28.45052593707637	113.82176574454138
24	652	16	16	56.32929673964436	214.73133812281023
24	712	8	8	27.423067881459087	104.25135833242675
24	736	8	8	26.990059282857917	101.06071018490502
24	749	8	8	27.839612220874123	110.18271780081834
24	781	8	8	28.605180342869765	114.63726045727722
24	815	8	8	29.19914718034876	116.99687552806517
24	856	8	8	28.39724517951335	110.29689079084703
24	865	8	8	27.298379974659923	103.1554955961809
24	866	8	8	29.486646955759788	120.21952272765387
24	872	8	8	28.8801047463811	115.70793452229076
24	932	8	8	29.123188914671523	116.97643486140896
25	0	297	0	0.0	0.0
25	1	15507	541	1663.5392597297619	5785.083314609394
25	2	6921	401	1099.9221987403498	3512.8166445237093
25	3	4203	365	966.9687842186005	2977.9516636993253
25	4	2907	351	877.8258745788904	2596.144791466743
25	5	2196	311	777.7076483715689	2299.4491941192427
25	6	1458	225	548.4871711881254	1591.4458017716688
25	7	1296	263	606.5768321900321	1630.2087013923704
25	8	1035	213	517.375443644598	1513.8445958398347
25	9	1017	206	449.01942267082916	1185.6556530175892
25	10	909	229	498.51126154012	1322.0012675576959
25	11	756	174	396.83634283688167	1080.7984299600462
25	12	621	162	346.563919307304	920.7092113607725
25	13	459	129	296.23383838483244	810.0209719387615
25	14	477	154	358.55520786108843	975.3091617554996
25	15	441	131	307.7010769925166	876.8934231934775
25	16	423	147	324.4840286937081	846.0151867121848
25	17	225	83	202.3919024086235	595.6913431692783
25	18	387	144	343.3833936910454	961.4415224317337
25	19	306	107	242.06921885379472	688.3423281276669
25	20	360	127	283.9400526677824	743.4355429763217
25	21	333	114	246.83495703251745	643.8451598271029
25	22	243	83	197.53661567213695	562.409878082308
25	23	180	74	172.25029959629643	459.02680287130863
25	24	171	70	154.51135443112088	403.2307574747739
25	25	252	107	225.29707102518864	569.4703836492356
25	26	225	104	221.58703421268763	543.5937009304696
25	27	162	67	143.974701283569	371.2379333292215
25	28	225	113	259.063936714461	686.4418878281845
25	29	135	58	140.42765181045576	389.33570628880585
25	30	180	90	230.20015362860494	675.3862647316391
25	31	99	42	93.81613538440945	240.56002636165348
25	32	135	60	130.8324067445467	338.7645252140683
25	33	162	74	171.1234436333665	469.89247356340024
25	34	108	47	113.09266676326529	309.35669283020144
25	35	72	25	57.94677306074563	166.58062914865252
25	36	126	72	169.41782652559087	466.12607688077696
25	37	117	67	159.7157000101132	440.337335357393
25	38	81	38	89.55068926961474	244.87441824436144
25	39	162	83	195.6428344697376	526.0037060565121
25	40	108	57	137.6323587902206	388.1725500525294
25	41	72	37	91.52460592916945	256.3101501570694
25	42	81	36	75.6535715098471	191.07581206989525
25	43	81	39	100.61500879067283	290.42489960704313
25	44	99	53	120.00754083155998	315.40889599617265
25	45	72	39	106.28487804740737	311.88616748054613
25	46	99	54	119.87267617046113	330.6573560965584
25	47	81	44	111.64026252298966	314.85919749081955
25	48	54	29	64.27077089590122	164.03149035236197
25	49	54	31	79.71165120771089	225.7611171253819
25	50	27	14	30.993449409895454	75.48002328453707
25	51	90	52	119.44605004037308	308.1148257019486
25	52	117	61	157.11031428632853	458.914285924817
25	53	90	48	124.70376950799157	359.85972211300725
25	54	90	56	131.98861379035026	356.12198881911
25	55	90	52	130.62799539707748	357.6378422803042
25	56	54	25	62.86180859377597	176.1788474609361
25	57	63	37	91.6985874201986	248.11501738820127
25	58	63	34	85.72684736263002	245.14587977520452
25	59	27	18	47.50911422627607	142.22346944170752
25	60	63	42	105.03715273223445	302.35675781265854
25	61	9	5	15.404952284158897	52.86241553413154
25	62	27	19	45.32595114536723	122.15124015626239
25	63	27	15	37.7030098856607	101.78568892712734
25	64	108	59	142.7502054207306	385.5927887498236
25	65	63	43	106.1238310367933	297.1166220945334
25	66	54	36	95.22541786851804	284.42902729649046
25	67	36	20	52.46988557738113	151.30845366164016
25	68	72	48	119.48200862277878	326.21408939426135
25	69	54	36	90.2742959614317	249.44180458821432
25	70	36	24	59.738971446034626	168.35457621961055
25	71	27	16	34.60212779088995	86.15325650141551
25	72	63	37	101.49143149361022	299.52711428908015
25	73	45	27	69.97134755169724	200.88376417278718
25	74	27	19	49.09477638869968	139.10938276639857
25	75	45	30	75.17601459441715	212.47460324899995
25	76	36	26	68.4518629105975	193.75138907485808
25	77	45	27	71.16763573852828	207.27601822763648
25	78	63	35	96.86365123951671	295.5986917617302
25	79	45	28	81.00925937599588	259.98447087389644
25	81	27	16	38.25673577410616	103.28607897444584
25	82	54	39	92.00020145034547	233.6725522992153
25	83	54	36	97.46324021165074	291.601499680363
25	84	36	18	48.63198074839769	147.74258571171222
25	85	45	30	80.07533391054817	237.2434231068453
25	86	36	23	62.31049076396463	190.04381564139683
25	87	63	38	105.53313563639487	329.3490284490681
25	88	36	23	65.59917581014929	205.23599314509568
25	89	45	29	73.9166303889785	207.53907113343678
25	90	27	16	36.53738802379325	95.46239533964241
25	92	45	26	69.79908390988126	206.03979438872392
25	93	36	23	61.413606774672914	178.9407397525561
25	94	45	28	76.00106115180678	225.405645519003
25	95	18	9	26.624785971888947	89.89059695695242
25	96	36	22	53.28716264900604	156.56646605207595
25	97	27	14	40.35352386437196	126.96664381983612
25	98	27	15	43.356999757031275	134.06868347905095
25	99	45	30	70.59203730026205	186.79093697737665
25	100	9	5	15.675555089890478	51.176447820648605
25	101	18	13	33.21173016179053	93.23993021801779
25	102	27	19	54.62777521791297	169.11388315211858
25	103	36	22	58.4347555738359	175.11924797998404
25	104	18	13	37.330476277894405	117.35167911179227
25	105	27	16	48.08616887863005	157.08401125255304
25	106	27	17	50.070860144578916	162.21520556682884
25	107	9	8	21.84589883762994	63.443658825765894
25	108	27	19	50.09655323930379	149.32276088144906
25	109	9	7	17.343700840986205	52.708199472318825
25	110	18	12	35.64645637331978	108.59799540900103
25	111	18	13	34.87216668761418	100.07546728542897
25	112	18	13	38.81899917169841	123.66522150700465
25	113	36	25	67.22503519240867	204.3965961835653
25	114	63	45	115.30267076776582	344.1497171199438
25	115	27	20	52.46502668227506	166.1346416654318
25	116	9	7	22.141058836693933	74.10204138111123
25	117	9	5	16.730511955510103	58.365920592945805
25	118	54	37	97.89113772917207	293.72501788145246
25	119	45	32	87.08170128602427	251.53091593296318
25	120	27	20	48.54047359034383	134.8747286120931
25	121	36	24	73.86772341404777	240.51461693276275
25	122	27	22	56.58336614788512	164.2921886011683
25	123	9	8	19.819651660750793	56.15665313189082
25	124	18	13	31.619538227132814	87.51903028851888
25	125	45	34	96.08052206999056	300.23043009232987
25	126	27	23	62.950249172706904	185.70966045652776
25	127	9	8	18.532105097342804	49.92477432729612
25	129	18	15	40.89918181478829	123.93903349614514
25	130	18	10	32.078782118032656	108.95551573631661
25	131	36	24	65.9702945800313	199.8497849503752
25	132	18	13	31.5153684345422	100.1911985821384
25	134	63	46	118.7519222155147	344.490963373473
25	135	9	7	17.325595801313405	45.590039452989984
25	136	18	14	41.508693512845376	135.61959834030148
25	137	18	13	36.52847314971196	110.113100434675
25	138	18	11	27.87129335815864	81.43393016866911
25	139	27	21	56.92634557695807	173.1673213477119
25	140	36	29	73.22520413114749	206.3353932115539
25	141	9	5	15.695137684825463	50.59793031039575
25	142	18	15	40.70911212394198	120.10239386968411
25	143	9	8	21.560743830015014	64.69433935001801
25	144	18	13	37.961700338146784	116.504759357164
25	145	27	22	55.5947235884704	159.1009669457291
25	148	9	7	23.444979488562026	82.46460245401379
25	149	9	4	11.979850109255556	36.71850661237753
25	150	18	11	35.98511126200993	126.17400248717593
25	151	9	7	16.40059882428811	43.46917824051353
25	152	45	37	98.08075579596002	291.17232123239705
25	154	18	15	43.58958999021469	133.45339151288982
25	155	9	8	17.077280446937138	47.559407955710284
25	158	9	7	22.091732067712556	72.93168387584929
25	159	18	12	37.47545462220188	121.46344780421109
25	160	18	13	38.811830055447736	122.38484006302997
25	162	9	7	20.230148427815223	61.63633611243176
25	164	18	14	39.580699224981004	138.2654322795151
25	166	9	6	20.31552640420942	72.12202003102105
25	167	18	14	36.95102579682028	107.35445049124404
25	168	18	14	33.61866953756235	104.57076150911647
25	169	9	7	17.404234255973993	49.74824086264796
25	170	18	14	42.76640128603004	147.0592701228436
25	171	9	8	21.069959921132213	63.499748279534685
25	172	9	8	23.779928409090022	72.46600834913015
25	174	27	21	59.88577812090794	187.9856603323746
25	175	18	14	38.6907029975982	123.30624389153593
25	176	18	14	39.135772273153194	118.88434996575856
25	177	9	7	17.25662063602756	48.860671364068786
25	178	9	7	20.08073335258688	63.94770274804624
25	180	9	7	23.589263122206116	80.43522016981548
25	181	9	7	22.19316516876444	74.52378684429478
25	182	9	8	23.254775733168685	77.94425274782913
25	184	9	8	24.234512951760273	80.16255389933747
25	185	18	14	42.39403109972625	135.42526887547862
25	186	18	14	40.38585311106013	127.31080536662947
25	187	18	13	38.27903691396401	120.37513673345887
25	188	18	14	40.43996946544221	134.42225669262808
25	189	9	7	18.14858327623463	49.32268443030136
25	191	9	7	19.99133924217135	62.868312424246874
25	192	9	8	18.77549809030464	49.77402028620516
25	193	9	7	18.68570484618303	57.87346486881998
25	194	18	14	39.6889732422015	123.83896248279638
25	195	18	14	37.95072239861247	116.81615677192848
25	199	9	8	18.64437510235365	48.57597591087518
25	200	36	29	75.34859390656503	231.75565457416045
25	202	9	7	20.83758407678974	69.39940167541569
25	204	18	14	40.55534295738265	131.0264213310438
25	206	9	7	22.155172336090896	73.29385378762555
25	209	9	7	20.589598247706913	67.17505567428148
25	212	9	7	21.63806752423949	68.75639460958112
25	213	18	15	38.67685279617122	118.99058250047632
25	214	9	6	19.872271102345206	66.59359882280016
25	216	9	8	23.660872369465636	79.04352403392676
25	217	9	7	20.743744415742405	69.30274122451401
25	219	9	7	19.20922326662691	62.91399024474123
25	221	9	8	25.20592338089991	85.21049067133606
25	223	9	8	24.15836699924165	77.30862691357864
25	224	18	15	40.553533191310244	121.44165270295193
25	225	9	8	23.06407788266322	80.1467532827253
25	227	9	7	20.265622687829673	61.50539590124174
25	228	27	24	71.0329142591431	229.0109184602267
25	230	9	8	22.649494091472896	71.80139704565768
25	233	9	8	25.428062596247557	87.7196779782017
25	234	18	15	42.87114704776658	144.3817886497339
25	238	9	8	20.641198035930188	60.56472111803116
25	240	27	24	66.01731311299058	200.5493693099383
25	243	9	8	21.25928503326063	67.02046197835449
25	245	9	8	23.811185281626567	79.02652344654479
25	246	9	8	20.422098955224172	63.513272061087164
25	248	18	16	45.79488083079264	145.40096080514357
25	252	9	7	20.53226197432335	67.61637564881718
25	253	9	8	19.994949982804542	54.943432872887435
25	256	9	7	19.808632726425216	66.16347097330791
25	261	18	16	49.62941843500695	168.160372288746
25	263	9	7	17.3255817234417	50.493808147339365
25	265	9	8	24.632132442924163	85.22145195147264
25	266	9	8	26.93955301636227	93.30873641290594
25	269	9	7	21.71879487111127	70.8419846283768
25	270	9	8	22.838888393634015	72.96919408023308
25	272	9	8	22.918612831264458	71.29972087344586
25	273	9	8	22.214682394146852	73.15874844001786
25	275	9	8	22.403250911774407	71.63560635875706
25	277	27	23	66.1415815092325	226.44155786435516
25	278	9	7	20.243366061072592	71.11740608380451
25	280	9	7	21.562171496302796	72.9696856569065
25	282	9	7	23.137089950636742	78.47509527590827
25	283	9	8	19.82198900752413	58.35039314287972
25	284	18	14	39.3086241757063	133.6008092480858
25	286	18	15	42.81844934202563	137.15738156635484
25	287	18	16	42.14193045251111	124.23644183946504
25	292	9	8	23.338258238567683	77.99282704792633
25	294	9	7	22.2986293117179	79.78356723508273
25	297	9	8	21.23344381736864	65.05920332359352
25	298	9	7	18.13978463556001	56.586757795570975
25	300	9	8	25.395257964664296	85.1517569395049
25	302	9	8	24.79375577302337	81.14450113622227
25	310	9	8	24.432678297290597	79.29632363591006
25	315	9	8	23.81533212574926	78.12685795243601
25	316	9	8	20.47592987454882	62.00502562951894
25	317	18	14	41.770378902671126	143.86495606387155
25	319	18	15	45.4369806307356	151.9752922293357
25	320	9	7	20.883444076151807	71.75836250518205
25	322	9	8	21.506458115465716	68.09056820520028
25	323	9	8	23.27071623514444	72.03740377489362
25	324	9	7	22.592177564918483	76.02679914029969
25	325	9	7	18.206890630680356	61.18103661983869
25	332	9	8	23.193351338264875	76.06207070143793
25	340	9	8	25.781571575420532	91.37510131739191
25	345	9	7	22.011231311938406	74.65003844358371
25	346	9	8	22.60481684432134	74.89073030392484
25	348	18	14	42.92749669773684	144.11731805266473
25	358	9	8	21.47565657271945	69.65524818191871
25	360	9	8	26.382277597045594	90.75389044185884
25	361	9	8	25.685238666718995	87.21515644643924
25	363	9	8	23.809526766903222	78.35986373731387
25	365	9	8	24.179504507870917	76.39166245745886
25	370	9	7	22.155421811352166	73.55230002188503
25	374	9	7	23.924367330689783	85.93489139770098
25	377	18	16	51.506709417157985	177.43841121289884
25	384	9	8	24.976183030767483	84.56871948996952
25	386	9	7	22.212070040314806	79.12022754969469
25	387	9	8	24.730353174798264	84.1084234507842
25	391	9	7	24.696095770412853	89.65954499190235
25	393	9	8	25.924441401008313	90.0549586813489
25	396	9	8	24.283270220815098	77.57064111053919
25	406	9	8	27.076252725670173	94.72025162832749
25	409	9	8	28.16408585209419	103.0383117471892
25	414	9	8	23.3234773988827	74.99485106312261
25	416	9	8	25.07919459692653	83.91875956033167
25	419	9	9	30.546261092506786	105.67391568391773
25	422	9	8	26.149710787075097	89.03825896558948
25	429	9	8	25.24441611882862	85.51060904466794
25	431	9	8	23.889826780342933	81.02452137801488
25	432	9	8	25.73970519893604	86.60163915077858
25	433	9	8	26.7853665202413	91.02458935311739
25	440	9	8	23.09700674805173	75.28048922118526
25	443	9	8	25.68881473281405	86.57021659237913
25	447	9	8	26.204730459181068	90.74380483261291
25	451	9	8	26.75238254622068	93.48915688444708
25	453	9	8	23.811990368851493	81.75324288476853
25	461	27	24	73.70915824224646	250.5642518801399
25	463	9	7	22.597078822779366	82.13921423529504
25	465	9	8	25.65398945289729	87.71165706214605
25	468	9	8	24.943789892226626	84.8969561241254
25	474	9	8	26.725298311183025	95.25081350126288
25	481	9	8	26.46026241574602	90.81088382965862
25	486	18	17	56.250831717993606	195.96127414806125
25	490	9	8	24.793923834424373	82.52123960228109
25	496	9	8	25.359533629617943	87.062519604399
25	498	9	8	26.860808276371866	96.21357629570916
25	499	9	8	26.63706715259063	94.56693804769785
25	501	9	8	24.597415509066444	84.5490039081538
25	504	9	8	27.745931752020482	101.36087126335039
25	507	9	8	27.528773676246395	99.58488358139735
25	516	9	8	23.33851131444201	77.78374704499889
25	529	9	9	30.52197447743656	108.35803668932101
25	546	9	8	29.196177186254552	110.34938635142785
25	551	9	8	27.746257234423382	100.43850084581008
25	556	9	8	26.46004085009507	94.37206023929215
25	561	9	8	26.402240254837338	92.56611503699318
25	563	9	8	25.516849268245767	90.12385274418483
25	570	9	8	26.60598902898426	96.60653700614857
25	579	9	8	25.689683764299744	89.44471748770985
25	584	9	8	27.875313645680766	103.41230293524538
25	585	9	8	25.44486008563704	91.0054247733521
25	591	18	16	54.17284250157828	198.91660660954958
25	619	9	8	25.054419740971415	86.30564749292785
25	625	9	8	24.3546639575976	84.16090558508995
25	648	9	8	26.729924586314493	95.85507637091725
25	652	18	18	61.6365515281239	222.02627494574864
25	712	9	8	26.169065891940903	92.38789362134435
25	736	9	8	27.070525012875812	98.5816014627117
25	749	9	8	27.90884838004226	101.80944835725421
25	781	9	9	29.789322824108925	104.22022007892241
25	815	9	9	30.2301868532429	109.37900951949669
25	856	9	9	32.26714273127211	122.11976967627383
25	865	9	9	30.818535920519057	111.19208300105082
25	866	9	8	28.010664647970987	104.33392019335407
25	872	9	8	27.898912285349937	104.71967536738923
25	932	9	9	31.84859327332233	118.66689339038854
26	0	429	0	0.0	0.0
26	1	22399	1061	2950.8531944793103	9583.090651326209
26	2	9997	796	2023.5923861641477	6171.579236215861
26	3	6071	709	1700.3288173500746	4983.757873840927
26	4	4199	645	1476.7252840191948	4165.341963749047
26	5	3172	609	1405.4617912930557	4032.633240940965
26	6	2106	451	958.8619560049601	2579.1006280978336
26	7	1872	525	1126.106692847827	3077.7978531046974
26	8	1495	408	872.7398003997873	2311.2050417883165
26	9	1469	436	902.9910845613576	2330.482480160026
26	10	1313	474	954.2793281785898	2469.768446046044
26	11	1092	366	779.7707223353623	2056.23565559261
26	12	897	317	625.6536367283222	1647.903076317648
26	13	663	239	506.9448160905992	1357.9160839324181
26	14	689	280	578.7623379498343	1491.621360876574
26	15	637	249	515.3153039536526	1358.0456218119218
26	16	611	289	613.1236348031521	1588.0207999663753
26	17	325	158	346.2840629282309	894.3060454976595
26	18	559	309	632.9969610045252	1595.8961994461433
26	19	442	195	379.1566472616081	992.6449200014756
26	20	520	266	523.0543927104172	1268.620834337114
26	21	481	247	524.7492100786105	1408.8829627414596
26	22	351	187	394.76731277538045	1046.089468860202
26	23	260	150	295.55494147284156	726.5438211967572
26	24	247	138	279.10649105544553	703.6200467980661
26	25	364	211	404.49028526799844	963.0316298545275
26	26	325	208	407.67888955784747	993.1740019828999
26	27	234	132	254.02029587553045	626.5832936768473
26	28	325	238	490.13843747399824	1205.4634840564297
26	29	195	112	258.8660798710432	713.0664116566858
26	30	260	182	396.36947556271906	1094.8691009773208
26	31	143	91	191.61458177318326	505.8105634578011
26	32	195	126	233.81168804862264	560.9509213929905
26	33	234	160	336.0381210729058	883.0491492304172
26	34	156	106	227.11873466140688	589.0154781435704
26	35	104	61	116.1920595361881	282.2808327487208
26	36	182	119	243.0763896033849	619.358343593826
26	37	169	121	277.5253769914338	756.8102817143232
26	38	117	80	155.80710246109663	373.688997499056
26	39	234	168	353.491142888259	894.0149379431332
26	40	156	101	209.2308762879209	532.2681425503528
26	41	104	80	179.2224404759516	488.4152004857695
26	42	117	80	169.06621971910425	436.1146064219985
26	43	117	88	204.6420003430115	600.4642351870106
26	44	143	111	241.21249267658783	673.3369285673625
26	45	104	80	185.65533304582632	525.685185351376
26	46	143	102	218.8780886198614	599.4392316365331
26	47	117	91	218.7935540739676	614.1708447972536
26	48	78	56	120.72739268042432	314.9914325537386
26	49	78	64	148.708940634363	410.89553377836296
26	50	39	31	65.00361710168646	161.0808224408405
26	51	130	107	226.18875406312048	584.2167707760219
26	52	169	126	280.66845041821034	746.6649913843819
26	53	130	111	271.8458020330929	782.6483631012475
26	54	130	101	210.16745057808038	544.1055296663517
26	55	130	99	225.23201223096225	625.6617913114875
26	56	78	56	119.78797760771012	310.07408397374417
26	57	91	69	152.54222546438572	411.9780308815072
26	58	91	76	168.9998346018952	435.23281033254824
26	59	39	36	93.20626107817266	259.01454091595394
26	60	91	76	172.94599572274197	470.7095272374309
26	61	13	11	27.647534272958147	78.0108903605332
26	62	39	32	68.3409503589302	171.96754788474985
26	63	39	26	62.16380501564441	178.604561914731
26	64	156	125	287.76035234372364	774.1776383943309
26	65	91	82	194.82158390853186	542.2701977953762
26	66	78	62	146.19518386910528	421.57944734756353
26	67	52	40	85.1713041584242	218.42330699271966
26	68	104	91	209.25280529778667	576.9573701975455
26	69	78	61	137.5949195227599	365.5117979863456
26	70	52	46	114.53310650473573	321.67109758965364
26	71	39	32	69.55608620273618	177.60128637218358
26	72	91	70	161.60441303607746	444.1524106412263
26	73	65	54	121.36937664197717	312.03593152821327
26	74	39	31	73.79424854066806	192.47379899344654
26	75	65	51	119.16255455196239	331.4925325795093
26	76	52	43	96.50358819390864	256.2317910217263
26	77	65	53	124.33078337674513	337.89311741381346
26	78	91	73	159.38973764180548	436.36855781980836
26	79	65	57	137.17641043071066	381.28820394718963
26	81	39	34	76.34040618794057	206.28852348079306
26	82	78	67	158.92202499870615	427.15581205276004
26	83	78	68	167.78613032818677	472.97958140341797
26	84	52	40	93.81466832872687	261.5006498884743
26	85	65	60	143.5655088104902	395.44449291872917
26	86	52	46	113.27276599716988	332.40098731205416
26	87	91	73	182.98353814298622	531.0191470616851
26	88	52	45	112.83557895009986	328.37805719269204
26	89	65	57	143.91771082358653	427.125021727377
26	90	39	33	70.66965792762423	189.4225939777587
26	92	65	57	138.11686864422126	388.9640621494112
26	93	52	47	128.3319411166935	392.96805596579213
26	94	65	56	131.83980906835083	377.40429568399156
26	95	26	26	71.46366448817481	221.99896518444493
26	96	52	45	111.40659036345086	326.6917197680697
26	97	39	33	81.2495952827067	236.17651159068032
26	98	39	30	73.7354201085841	202.6787172603408
26	99	65	60	142.04386506336715	388.72575250724566
26	100	13	10	28.348545301116705	87.84518672119667
26	101	26	24	62.32787161320862	179.65987221399766
26	102	39	33	89.75096235131325	278.87967980143173
26	103	52	46	108.63338417368037	294.3314663944966
26	104	26	25	69.06681329625069	201.87456227406943
26	105	39	35	84.81116909241527	231.40078243343535
26	106	39	33	68.40740136811283	168.42459178416777
26	107	13	12	30.55464908825009	85.7422633669702
26	108	39	35	85.43007607679645	238.78038547095335
26	109	13	13	25.91537916105473	65.20636899999081
26	110	26	24	67.76187944740303	211.25172654834685
26	111	26	24	61.35122330229896	182.05353396568458
26	112	26	22	59.838347107022535	181.11121994780873
26	113	52	44	100.32602640929143	267.8175074017043
26	114	91	81	206.052313717678	609.1792244576953
26	115	39	34	86.45441528598329	242.3673294703651
26	116	13	11	31.906188964928624	97.9485334734907
26	117	13	12	30.404860851506566	85.02846861307712
26	118	78	68	189.92958918827244	597.1620338419274
26	119	65	56	134.77552140780932	384.4982444281545
26	120	39	34	94.9627672331057	300.06615809277014
26	121	52	45	110.19536895507001	326.246357791873
26	122	39	36	86.74713774635185	254.07834372106615
26	123	13	13	34.182780540003364	106.16740651756429
26	124	26	25	61.58397525510519	169.9659125241122
26	125	65	59	147.26952767930715	420.5829434941734
26	126	39	35	91.22370255652804	268.6386291117052
26	127	13	13	34.48161627621769	104.7284907230294
26	129	26	24	63.069028699056915	187.74537031457834
26	130	26	25	65.43030982399104	189.9466603440939
26	131	52	52	133.97028660623866	408.0247120268849
26	132	26	25	59.07325888029394	163.49285362726394
26	134	91	85	209.74521097780863	602.5365218203576
26	135	13	12	33.88936670870355	99.9410580082595
26	136	26	25	60.97882725117683	182.9242758017173
26	137	26	23	63.661637889586686	200.90735429651764
26	138	26	25	62.563208379257055	183.83349971234256
26	139	39	37	93.01196962939609	264.5346424294134
26	140	52	47	115.91845144389596	331.7287125367043
26	141	13	11	32.328920450578124	106.6009515267063
26	142	26	23	64.80867120420781	197.24549143906137
26	143	13	13	35.6034534357522	110.16308202419984
26	144	26	25	60.99483713894186	174.5536841585382
26	145	39	38	98.53358014659193	287.9693457240302
26	148	13	13	35.91662777619725	114.97691110815856
26	149	13	10	29.243561400030355	89.79789650303215
26	150	26	24	62.170313019048365	182.19225978389105
26	151	13	11	27.0844079603294	77.12819331574862
26	152	65	61	162.47674716566053	498.2192633178805
26	154	26	24	66.7632086465518	213.36718516592057
26	155	13	12	31.853974643270625	98.24030342746612
26	158	13	12	34.64219212273007	103.43810537646198
26	159	26	24	64.63248921781172	192.54273466354243
26	160	26	26	67.91401087485765	204.622081651744
26	162	13	13	34.14502336279908	94.75111194641767
26	164	26	26	75.09121228741621	244.1236738145612
26	166	13	13	37.33603488694166	124.97005854430904
26	167	26	26	73.75791931685477	228.08766146054595
26	168	26	23	61.527475937270914	195.24887776382357
26	169	13	12	28.723547670022835	77.49576168057617
26	170	26	24	72.33240991711779	232.8086974397199
26	171	13	12	34.50809860460498	112.55544860218555
26	172	13	13	37.06898698516831	113.83013520058053
26	174	39	37	105.45877661762117	334.7229352605372
26	175	26	25	65.43222095944155	199.37426598840813
26	176	26	25	74.15859531808546	237.13268927626262
26	177	13	12	28.301093394372426	76.39270760799415
26	178	13	13	34.36254006738957	106.24226231135697
26	180	13	13	33.81599929881986	103.11421941729465
26	181	13	13	37.79186291266652	124.72503261111753
26	182	13	12	28.932052345476027	90.35993504687906
26	184	13	13	33.15386272075102	103.50057612960538
26	185	26	26	72.68998432806065	231.6658428215068
26	186	26	23	62.420521087299235	188.88224630301593
26	187	26	25	66.02709372349119	204.60575454466994
26	188	26	25	65.97208190444125	216.9567757889811
26	189	13	13	33.05530810406802	105.46427544596762
26	191	13	13	33.04765354279854	98.44899707270568
26	192	13	12	30.416366382529752	88.03283839999403
26	193	13	12	34.85015980366788	106.43468724968787
26	194	26	23	65.32013936162434	212.44580239843424
26	195	26	25	62.93818266497961	179.63124907162177
26	199	13	13	35.66869736189663	103.51250911891478
26	200	52	50	136.899126427375	422.8117834503642
26	202	13	12	35.09583686995609	113.02547061777396
26	204	26	24	68.7062291657822	213.84327173109364
26	206	13	13	36.294932211349185	108.15527027051377
26	209	13	12	34.60141519006865	105.77726201905256
26	212	13	13	35.81824229241583	104.43048989368113
26	213	26	24	74.97152485734271	256.4301098400684
26	214	13	12	33.84887921182883	105.41105650849813
26	216	13	13	36.08228553202214	115.97049331383968
26	217	13	13	35.846975420091304	112.94849345869406
26	219	13	13	31.497881685464627	85.6805442313124
26	221	13	12	37.94737056424746	124.89439521436806
26	223	13	12	31.897588848383787	99.91098478609621
26	224	26	26	75.64634706580237	244.08947141046323
26	225	13	12	37.143007821045394	125.3401102525155
26	227	13	13	36.02491986099701	111.28801864745896
26	228	39	37	113.81693935119088	380.50843203466627
26	230	13	13	37.20340441545159	120.94730443032066
26	233	13	13	37.22449843372878	115.98604452248257
26	234	26	26	78.20850960395951	252.713496438129
26	238	13	13	33.06901617624076	101.69737036084726
26	240	39	38	112.55008010049318	375.36790519039596
26	243	13	13	36.31264381788919	112.72704523726401
26	245	13	13	38.4291083858279	129.85867499767824
26	246	13	13	37.01953994976062	129.3848777682448
26	248	26	26	75.63780566665098	245.71793516646127
26	252	13	12	36.94072813599559	127.1014655627036
26	253	13	13	33.92874554068543	101.61597795395521
26	256	13	12	36.78381781421587	122.62395570396183
26	261	26	26	79.13824003860948	269.08355199216334
26	263	13	12	35.77045623213605	125.04467792185618
26	265	13	13	38.0803943799926	125.73025650348194
26	266	13	13	36.303491098795156	107.86539274195366
26	269	13	13	38.77151362493568	133.59590195375205
26	270	13	12	35.87344584890936	117.24342530417353
26	272	13	12	34.352153148901465	112.94922176640071
26	273	13	13	37.996427787351756	123.72777561930847
26	275	13	13	40.279025891276845	136.20294749615857
26	277	39	38	111.83385572768655	359.48076980287175
26	278	13	13	40.76820304238202	138.36113335911966
26	280	13	13	37.550513052170345	124.694590359484
26	282	13	13	38.2670329283351	125.92712422985247
26	283	13	13	35.207935208448	106.60743881241282
26	284	26	26	71.42448161103984	228.25736206230366
26	286	26	26	76.4985113899961	251.47615400381935
26	287	26	26	72.97776078068296	231.32515403188518
26	292	13	13	39.63842992397557	132.9376246865198
26	294	13	12	39.34549058160505	141.2528435011899
26	297	13	12	36.37295223592852	123.24899301498799
26	298	13	13	37.291840614729644	127.59247583838355
26	300	13	13	37.277775971719755	121.19309714499256
26	302	13	13	38.45537286890912	120.08078650841814
26	310	13	13	39.35173266710549	132.2014045970051
26	315	13	12	36.03130362434427	121.42627960393335
26	316	13	12	32.99356587528814	108.06354612673385
26	317	26	26	80.22115947407504	278.49270430735123
26	319	26	26	83.39700373340652	283.6900001865693
26	320	13	13	40.703149549442855	137.69577359078062
26	322	13	13	38.92433129295364	132.58061298122084
26	323	13	13	37.15826797835563	122.91094859236864
26	324	13	13	37.33096320840506	118.9899855159065
26	325	13	13	39.03399018787004	127.0014939755951
26	332	13	13	35.945063962355164	112.3082830684316
26	340	13	13	39.063118857392745	126.63056031331814
26	345	13	13	40.10369904099244	139.8905601521429
26	346	13	13	40.77348094861696	137.21977624669367
26	348	26	26	81.2140574273861	271.4932677188295
26	358	13	13	41.017722529760455	142.31812584355737
26	360	13	13	40.24061931241102	139.93812936115083
26	361	13	13	40.269198632121345	136.68565286716841
26	363	13	13	39.56250037826267	140.11273185116914
26	365	13	13	40.15561063105001	136.17698580796764
26	370	13	12	38.86722049003263	136.2558639702786
26	374	13	13	40.45115090033568	135.39567548506608
26	377	26	26	85.61576068188722	297.1156434815109
26	384	13	13	42.566652694303926	148.55907120755774
26	386	13	13	43.39170790311444	152.91586855686347
26	387	13	13	41.05353224230176	136.69594641132758
26	391	13	13	44.20232227733777	159.0584229586
26	393	13	13	38.767860518549945	127.71237681653653
26	396	13	13	43.29259893210377	157.67876755659023
26	406	13	13	41.39348812777924	142.05969688124384
26	409	13	13	43.26822604313463	161.41872235017811
26	414	13	13	40.741588398026614	135.09613938683754
26	416	13	12	40.42375104101292	146.33103082278149
26	419	13	13	40.71988501787714	146.77664541419057
26	422	13	13	39.29639005609506	132.41105107351785
26	429	13	13	39.67202183119824	140.08276922329662
26	431	13	13	43.88322986766845	155.2010022546
26	432	13	13	43.1415138841969	154.95765782081548
26	433	13	13	42.259997958187405	149.4517959585357
26	440	13	13	40.346029124385	133.6775004702444
26	443	13	13	40.81010243049728	144.00641828742016
26	447	13	13	43.823927480376796	158.10841203038262
26	451	13	13	43.96000424234726	160.00940738867527
26	453	13	13	44.037829661136605	160.9388934671906
26	461	39	39	127.30760881976576	443.98462356516853
26	463	13	13	43.34703250841287	156.2274276889351
26	465	13	13	44.104008282971606	158.99285609555926
26	468	13	13	43.61139267065961	155.67280513457382
26	474	13	13	40.393358174053645	142.4120206694747
26	481	13	13	44.286145766735594	159.37393754757719
26	486	26	26	87.67546311068025	312.0492213888408
26	490	13	13	44.044627000818934	160.83559076867877
26	496	13	13	42.46107105148397	151.72639852018332
26	498	13	13	43.83364132873308	159.97512414416474
26	499	13	13	44.16970392677116	159.19814438119366
26	501	13	13	43.181930111286725	160.69900613614473
26	504	13	13	45.92224956689819	171.5651759967094
26	507	13	13	42.50156913402597	148.3241363436693
26	516	13	13	45.1435800900158	166.2808703900969
26	529	13	13	44.70404563969146	161.69645149313152
26	546	13	13	44.62867794384958	165.00874721960173
26	551	13	13	41.01861886219575	143.45537289279582
26	556	13	13	44.404030631154825	163.95387434606434
26	561	13	13	43.33980865689837	155.99786218587602
26	563	13	13	45.795629243547985	172.89324511516656
26	570	13	13	45.94443693477785	171.80853300902984
26	579	13	13	45.34528420755487	165.58354806293733
26	584	13	13	45.913863971813896	176.24504829553393
26	585	13	13	44.68652623690598	164.6170382026675
26	591	26	26	90.81254911469199	339.6287338074937
26	619	13	13	46.258964775778985	174.56698279553345
26	625	13	13	45.545207691717906	173.35430319015688
26	648	13	13	45.70243550404288	173.60469404940025
26	652	26	26	93.8755907061761	357.1778864863073
26	712	13	13	44.72794853650159	165.69725425472112
26	736	13	13	45.12770659462268	169.9921978344334
26	749	13	13	45.10402550039873	170.74670601069886
26	781	13	13	47.87644572361684	187.09417952941996
26	815	13	13	48.20570666856865	189.3298930593868
26	856	13	13	47.85300659670447	192.4686758554679
26	865	13	13	47.659770866397196	185.04545181065842
26	866	13	13	49.503770457195095	200.28026729824649
26	872	13	13	48.67451402641755	195.5209402738313
26	932	13	13	49.03306941975393	196.2575658455015
27	0	231	0	0.0	0.0
27	1	12061	435	1087.6267709531173	3318.8977637875355
27	2	5383	318	733.2660224670043	2174.219409791618
27	3	3269	300	688.8758642662642	1994.4146145966815
27	4	2261	266	534.4628919201732	1444.380846634239
27	5	1708	273	602.26720363952	1798.6371119170851
27	6	1134	192	373.7905076328939	978.1615814689811
27	7	1008	230	437.59997355350674	1177.5744193430912
27	8	805	189	377.21252068646027	1035.0262469130523
27	9	791	187	358.47476701290435	938.0258444938147
27	10	707	203	360.6573644296791	895.8354544209127
27	11	588	154	288.28448287970787	722.7993008863797
27	12	483	136	230.44739432008262	592.2598741505918
27	13	357	102	191.79907090583075	504.7485543666402
27	14	371	126	264.1137148341927	746.624249576953
27	15	343	103	164.60116079012653	361.0170517294062
27	16	329	127	217.60565006531556	503.82332346906793
27	17	175	63	121.65631483950739	294.1572111335862
27	18	301	124	207.29342801391357	495.25304124477725
27	19	238	89	141.73223335166523	356.59020878705525
27	20	280	108	170.1250609367347	373.27801603733405
27	21	259	107	195.84240659018297	507.9491302673804
27	22	189	77	137.65522738942943	336.5618283300076
27	23	140	66	129.78221671896895	353.09189793539605
27	24	133	65	120.97181443147933	316.5907420693476
27	25	196	87	142.1335829162549	324.2994149616741
27	26	175	91	154.21024417772736	353.50325373033525
27	27	126	53	81.58907526021542	182.14051163892324
27	28	175	103	189.23541688325298	454.29192168846623
27	29	105	49	99.79785232285936	256.93174876568105
27	30	140	84	166.0282878851723	446.18508016880486
27	31	77	44	82.72822219824172	220.196394667473
27	32	105	57	93.97095004510834	217.89225175864811
27	33	126	71	130.2056416871101	324.9369616704181
27	34	84	51	94.34655530917333	223.91589212028381
27	35	56	25	43.0214166522571	110.64410986930625
27	36	98	53	105.9593589978691	271.7025598867215
27	37	91	53	102.09141737693878	253.4763934803409
27	38	63	35	57.80248755344407	141.1729260581382
27	39	126	67	121.69366527316996	288.0311704674603
27	40	84	53	101.2738722770906	254.82442683588667
27	41	56	35	62.83116264276809	163.82071451690973
27	42	63	36	61.409196819432246	128.5323939106098
27	43	63	45	103.01084854911728	330.9305459034378
27	44	77	52	97.47906406966067	234.45431665924343
27	45	56	35	77.0735091474302	222.87303003812696
27	46	77	48	99.94548395631419	290.76717218843083
27	47	63	38	74.55635795874309	181.81834660798117
27	48	42	24	46.5046277569233	110.64717321724585
27	49	42	29	58.71078185932999	158.18287169658885
27	50	21	14	28.327473280152947	74.25397969699623
27	51	70	45	80.6354155890593	200.98666965199405
27	52	91	61	117.75360659479954	291.68407270130626
27	53	70	53	117.48219382781433	331.5455307255711
27	54	70	45	81.12696354467317	198.32017246731795
27	55	70	40	81.51949754198499	211.16776874387028
27	56	42	30	66.8822522475373	200.31481680063524
27	57	49	32	62.111975714074475	161.84697382328076
27	58	49	33	61.15487749234563	145.82848527264275
27	59	21	17	38.727187619181	105.88046331450123
27	60	49	34	73.19378547792053	193.5476572113983
27	61	7	4	8.243592531171235	21.626010358870808
27	62	21	16	26.84152159086629	57.825730302907765
27	63	21	12	28.765563959668743	96.28588676952255
27	64	84	54	90.56406387482089	194.67487917797712
27	65	49	41	93.1943455374477	273.8962519544454
27	66	42	30	63.30075260842702	177.4888165478955
27	67	28	17	36.0230500642238	87.26839319328711
27	68	56	39	74.92595909028063	175.29611321591568
27	69	42	28	52.96074158369059	130.21358237759952
27	70	28	23	46.29240863628082	116.08254178109988
27	71	21	14	28.44043842247519	78.46383159458581
27	72	49	33	67.16438794650831	173.51788580572858
27	73	35	25	48.0383703278865	116.5291407532104
27	74	21	15	30.21095440532006	71.47561105518557
27	75	35	24	48.100151387865075	119.35845249045587
27	76	28	17	37.2563754323566	99.38206947588611
27	77	35	24	53.10004018376423	143.3578770940513
27	78	49	33	62.55730259446297	165.51471525468418
27	79	35	26	59.183220285282154	162.66567200876253
27	81	21	16	32.44256665904027	80.15988896365944
27	82	42	27	58.41147521900446	151.82265354678705
27	83	42	34	80.94123134219592	228.54695640768907
27	84	28	19	43.251359404186054	131.19418004071892
27	85	35	27	57.28225503388872	163.231848105652
27	86	28	25	56.12315075555213	155.33974205557348
27	87	49	36	81.27012025444436	222.34015385056105
27	88	28	23	52.08953627573445	134.42698095530113
27	89	35	27	65.42611644283866	186.20957183070786
27	90	21	17	28.471147918184183	63.808439485133256
27	92	35	26	52.36663264512025	130.06938288896256
27	93	28	20	45.10334874121927	118.20137817500265
27	94	35	25	52.912410165061274	151.1010653548565
27	95	14	12	28.266383343741857	78.60106966277223
27	96	28	21	44.39597302206306	118.53113036063901
27	97	21	14	28.54206580467044	76.92251365132424
27	98	21	17	33.24615138354152	77.15395177484314
27	99	35	30	60.80931298352052	154.255425454174
27	100	7	5	11.059445033680356	32.3851383606678
27	101	14	9	23.092213855495732	66.42180866600786
27	102	21	15	39.52477634667691	124.41527955570236
27	103	28	22	50.599833041320345	137.67018275059428
27	104	14	14	31.23164740173964	88.25358815212222
27	105	21	16	32.853591550779484	82.62733659182145
27	106	21	15	26.34927986126122	62.02969198392162
27	107	7	6	9.304370555376716	21.51171078052504
27	108	21	17	33.60456439324081	82.39653496823307
27	109	7	5	10.508730438911794	29.104710170229506
27	110	14	10	27.78749761774725	84.3507650124806
27	111	14	10	24.159305508663962	68.93394987163377
27	112	14	12	27.15916041134972	79.56606163755504
27	113	28	20	36.94404570098472	86.7243579818089
27	114	49	39	92.59036088468642	264.28053329305965
27	115	21	18	39.9309277112328	95.76868765639617
27	116	7	5	12.437573469767075	35.23922346289375
27	117	7	6	11.428181864242271	25.790505331693872
27	118	42	34	84.71664702076143	245.1567881497115
27	119	35	24	59.10408938647794	165.58306704260997
27	120	21	20	50.04979246915601	145.10694952090338
27	121	28	22	47.37281322372211	133.7962638878864
27	122	21	16	42.101322560764615	135.24705973310418
27	123	7	6	15.735390138618747	53.62136747571975
27	124	14	13	26.261070220511737	68.56752888452125
27	125	35	30	66.65596457372705	174.24530238771183
27	126	21	16	36.570830291786855	102.28997181057761
27	127	7	5	15.637989919389145	51.38619368328813
27	129	14	12	29.8347880041437	84.096486967769
27	130	14	12	26.543772200007066	67.8725758103205
27	131	28	22	60.424583777785145	190.58792460305492
27	132	14	12	24.750795037742638	61.40622966506877
27	134	49	39	92.24186337553478	269.3291195970195
27	135	7	5	13.518841168760217	39.337432925263336
27	136	14	11	29.1187424389502	91.47230457747257
27	137	14	12	30.66121741456225	96.78101237227571
27	138	14	10	23.573154922914934	74.32937691736316
27	139	21	17	38.728071175125265	113.37555219458997
27	140	28	21	43.437838477906766	109.36692173722759
27	141	7	6	15.123946555847605	49.95919779856285
27	142	14	11	25.775772046462237	69.05103096408044
27	143	7	7	15.632590412604884	41.68510609423133
27	144	14	12	25.47135244887149	69.94900060230141
27	145	21	19	50.62575541237131	159.27690216866986
27	148	7	6	17.25005203632807	61.89926067566874
27	149	7	5	9.836585945416292	21.743559632417032
27	150	14	10	24.43731209485079	68.91638343371532
27	151	7	6	12.14022522725758	27.7448349244422
27	152	35	31	66.9761346150351	185.72865816830938
27	154	14	13	34.332820517508104	99.16844144050857
27	155	7	6	16.221115279867597	47.21145689500443
27	158	7	7	17.525513108181098	49.78984562153289
27	159	14	14	27.25875079974803	78.76655140029516
27	160	14	14	34.5370987631627	98.489478925123
27	162	7	7	16.307516902601105	42.986475113193165
27	164	14	12	26.528495210298434	70.28591393719371
27	166	7	7	19.503015403601147	59.93369405974515
27	167	14	14	35.634834592503715	111.0587371103077
27	168	14	13	31.978440385348666	99.48160318794748
27	169	7	4	8.79073272518955	23.412219006142966
27	170	14	14	34.49610354155059	107.23362361488921
27	171	7	7	20.88810442055214	68.66262036838333
27	172	7	6	16.572292530292582	47.09129940183949
27	174	21	19	49.92655627486711	147.02127956655048
27	175	14	13	31.524238351192324	93.14333286863476
27	176	14	14	36.29110311024215	106.53473284819319
27	177	7	6	16.088662164866754	48.692781282937744
27	178	7	7	16.939817771967274	54.39102628895471
27	180	7	7	21.88685703266247	75.23158082792601
27	181	7	7	19.411937019694854	60.13146825877292
27	182	7	7	20.75975029544496	74.6689491415115
27	184	7	5	12.333292995782553	37.19946118583062
27	185	14	14	39.42110227918066	127.45160437019518
27	186	14	10	25.04610959951675	70.70077094218144
27	187	14	14	31.35305993202644	90.38374270194089
27	188	14	12	30.522310037651394	96.78430502744047
27	189	7	7	17.550385945398954	55.799033318371094
27	191	7	6	14.622800239564539	42.629236033559835
27	192	7	5	9.23070109878442	19.96061424554165
27	193	7	6	16.21963894860495	49.02146545855621
27	194	14	13	33.66215372349858	111.63894082406858
27	195	14	11	25.08030902996594	71.79681228287748
27	199	7	6	11.708303810079105	29.277317201705017
27	200	28	24	55.73504210075395	147.2346944807029
27	202	7	6	12.174267599662508	28.189240928470618
27	204	14	13	36.92870302073485	118.86370865503659
27	206	7	6	15.320161512478357	44.282605402110875
27	209	7	6	13.88160414428671	40.92014336141191
27	212	7	7	18.15830444437985	52.75509901387116
27	213	14	12	41.259451541976084	146.84119576376327
27	214	7	7	19.22787849879472	60.568356008225486
27	216	7	7	17.471593060547107	48.731682856834965
27	217	7	6	14.333095379062357	39.92536876541051
27	219	7	7	16.514796423373795	44.25252857649145
27	221	7	7	15.320036669189047	43.86936257690692
27	223	7	7	15.023265306685857	39.17317222103699
27	224	14	14	40.414759084557424	135.55100007143503
27	225	7	7	23.889917256666372	86.06527607897132
27	227	7	7	18.742734219400987	55.179452082446275
27	228	21	19	58.6018330141718	196.26691235204441
27	230	7	7	16.55225798778839	46.2522087215435
27	233	7	7	20.927046277587436	68.85827892297975
27	234	14	14	36.56690090244761	108.17166690158737
27	238	7	6	13.311439466658474	33.9295395100763
27	240	21	19	53.757529865137414	171.15928174518976
27	243	7	7	19.12695880605459	58.773095325226215
27	245	7	7	18.23614823031333	57.64193407408635
27	246	7	7	20.330405620108646	65.06222638943217
27	248	14	14	36.2234474130926	105.98926235275452
27	252	7	7	22.148653968739595	78.51863425604665
27	253	7	7	18.854276202149368	59.440898448604784
27	256	7	4	12.08101318483558	37.99002811775061
27	261	14	14	34.66527186334691	104.49944587723341
27	263	7	7	18.299686059074013	58.66444472229346
27	265	7	7	17.240246839229737	55.75792295966408
27	266	7	7	20.817984944049485	67.38350186444411
27	269	7	7	19.179983893033743	65.9261210411062
27	270	7	6	16.780529157442874	57.285155321491104
27	272	7	7	16.98425191909044	53.16557945360121
27	273	7	7	20.520708783513825	70.64865583742449
27	275	7	7	18.655739978861373	56.03021033153709
27	277	21	20	52.869429667099254	156.86053416519312
27	278	7	7	20.50886631043127	66.51709396155962
27	280	7	7	21.11665744217268	70.87578107876655
27	282	7	7	21.440860048620774	75.66406916357488
27	283	7	7	14.23950977909086	32.94877502605779
27	284	14	14	32.990797143377435	96.0701636113092
27	286	14	13	37.94820844165062	121.07231970524977
27	287	14	12	30.858961947374546	92.86671023830723
27	292	7	6	16.818182036694008	53.63919847456623
27	294	7	7	23.478281039248095	82.25750358819687
27	297	7	7	22.681861339504284	80.07680988497812
27	298	7	7	17.419669182416825	52.35411093364801
27	300	7	7	14.780052183607058	39.01805020066944
27	302	7	7	18.06025033204687	53.607788921821275
27	310	7	7	19.017480609673292	59.44219688194974
27	315	7	7	19.083064855787867	61.88707946094918
27	316	7	7	20.658609468526713	66.96868397484859
27	317	14	14	42.47415101885381	144.80107631363376
27	319	14	14	38.629642613079206	126.41050764020126
27	320	7	7	21.618543228411028	75.02362132998579
27	322	7	7	18.94104587957266	64.12554478740083
27	323	7	7	18.691796760205523	57.747760496435845
27	324	7	7	20.149878433856365	65.47617378302719
27	325	7	7	19.2424350488655	59.95877758569803
27	332	7	6	16.74100564482239	49.8552799451232
27	340	7	7	18.774253139045822	58.0080659361606
27	345	7	6	20.73216961305244	75.99628485932955
27	346	7	7	20.872831557188015	69.32492660296757
27	348	14	14	41.70443628628965	135.31716191887656
27	358	7	7	22.78096557464297	76.95456144018242
27	360	7	7	20.457017854966146	65.58138458975722
27	361	7	7	20.47629982739504	68.35383700207584
27	363	7	6	18.600964113488065	63.26051127042327
27	365	7	7	18.91039378243715	56.564770213103486
27	370	7	7	17.86888790035405	49.87867537602139
27	374	7	7	17.383987701705053	49.41233302065797
27	377	14	14	42.46201896628343	137.62658609654113
27	384	7	7	19.163016106407937	58.521749506359086
27	386	7	7	22.73207178063065	77.92215107603104
27	387	7	7	19.997617934633137	61.791133956500175
27	391	7	7	22.321916401854757	77.96030043189528
27	393	7	7	24.645125338752596	93.143111189933
27	396	7	7	19.511992168685705	64.36837152908575
27	406	7	7	21.78629730623148	71.08154106422955
27	409	7	7	22.542387496596877	76.87435523040449
27	414	7	7	20.411216955552852	66.28532040482821
27	416	7	7	22.76076374839849	80.18700333161976
27	419	7	7	24.065063119550537	88.7276228198128
27	422	7	7	19.515459428380268	61.88340781442574
27	429	7	7	22.298543986531982	75.68898284630629
27	431	7	7	19.579704146757628	57.11246566055834
27	432	7	7	23.43739966739026	83.63855692417441
27	433	7	7	21.99280008384506	74.29435248894512
27	440	7	7	20.731567137547977	64.13713509228243
27	443	7	6	20.610080645412268	75.21955012694507
27	447	7	7	21.88737463447868	71.25570944554067
27	451	7	7	22.698663784139843	79.00517905549114
27	453	7	7	23.25809677772721	80.15977751199209
27	461	21	21	69.26415074304094	241.1686919413048
27	463	7	7	24.465437866937375	89.26995648839016
27	465	7	7	24.430579682081238	87.4079246494433
27	468	7	7	21.405823786370334	67.19854935530272
27	474	7	7	20.77384557695441	71.32131794969493
27	481	7	7	24.649178878091696	91.38315840443218
27	486	14	14	47.687410204406106	169.58645912477715
27	490	7	7	21.273578289908073	73.14398660651851
27	496	7	7	21.588488701711157	71.61054727579405
27	498	7	7	23.608205140720365	83.2213893285842
27	499	7	7	21.080935465650455	70.45492663464518
27	501	7	7	24.462436729683084	89.15570435941305
27	504	7	7	21.05917766457764	70.2763631004677
27	507	7	7	20.841973039437708	67.11198004424502
27	516	7	7	24.669060921279648	90.42713023360787
27	529	7	7	24.571291426684184	90.215318819472
27	546	7	7	24.195734511847398	88.23969742311832
27	551	7	7	19.860660220060282	61.580821348662596
27	556	7	7	19.093860032184395	58.83915590164335
27	561	7	7	24.34168807005718	87.55271895475704
27	563	7	7	24.829983618890417	91.55184512367134
27	570	7	7	24.705813203375392	90.66377894320128
27	579	7	7	22.490796659998853	75.91190111962197
27	584	7	7	25.77659076141504	99.05739745425521
27	585	7	7	23.665905720305773	84.22284883714184
27	591	14	14	51.87589232247444	196.81660954096668
27	619	7	7	23.06734609920447	80.50876802422474
27	625	7	7	22.299832612593143	73.33765972185887
27	648	7	7	24.785208198378168	90.59829865105515
27	652	14	14	50.54217277886218	188.39424422373213
27	712	7	7	23.721243085449075	83.17461260847011
27	736	7	7	24.88624720311017	91.96384796646191
27	749	7	7	25.91410521639606	97.68909525234217
27	781	7	7	26.079129771783904	99.2913110554405
27	815	7	7	27.023200673268384	105.96973349220964
27	856	7	7	26.284037608110417	102.08837841737274
27	865	7	7	25.72973928158028	97.0547031628508
27	866	7	7	26.18355436188815	99.38081249913479
27	872	7	7	26.010175527302913	98.148069138387
27	932	7	7	27.112000248539694	106.90994516148585
28	0	99	0	0.0	0.0
28	1	5169	174	549.0692894697523	1940.478096902525
28	2	2307	142	445.61255966826616	1579.867141405292
28	3	1401	106	304.34532402267257	1003.7318189677896
28	4	969	103	284.3854941172204	937.7078280424798
28	5	732	104	269.92044649192957	829.5698104504299
28	6	486	70	163.26176132875054	469.76900089457894
28	7	432	105	261.38605704944814	799.8908935933661
28	8	345	78	193.47933759863102	574.79645625541
28	9	339	88	218.89093827138268	638.6860379355833
28	10	303	103	240.9062208663931	676.0923258120218
28	11	252	77	192.1956624213865	563.3378109258124
28	12	207	66	152.14185333216915	418.73018565710345
28	13	153	46	91.92770517847914	237.69995179733604
28	14	159	56	135.13705724728962	384.417172518786
28	15	147	54	126.82051527321741	363.2030358787283
28	16	141	60	136.14043466345078	373.41369984620314
28	17	75	27	61.16186948524593	163.5981093000578
28	18	129	64	139.9196295128943	379.24930673269387
28	19	102	35	72.74683243963244	191.8797728902351
28	20	120	56	123.64227475715053	342.4288411924617
28	21	111	55	111.28715070107157	298.9363459681281
28	22	81	39	86.34100699426467	241.41192935710652
28	23	60	22	43.55328978119829	107.08639465961453
28	24	57	33	63.8514336734881	156.8069755577901
28	25	84	43	93.27214341891839	266.5346316547813
28	26	75	45	89.37579498067035	223.40013723598685
28	27	54	29	61.39855042104514	160.8083915735249
28	28	75	52	108.76441067550323	297.7678125469329
28	29	45	27	57.588598472942266	142.11487125469176
28	30	60	36	73.6269346431492	195.55057856511263
28	31	33	21	42.107669029564704	102.92510492938949
28	32	45	24	49.594461037751614	131.4839088773571
28	33	54	35	76.20447275811672	212.32786399904046
28	34	36	26	59.21452732481718	158.43181581927283
28	35	24	12	23.594494516997937	63.74913744817089
28	36	42	23	51.85932237655556	151.55934112424507
28	37	39	30	67.44501521374288	185.5044428389804
28	38	27	18	36.12832057029376	97.8841714121972
28	39	54	38	73.50301029534283	186.01274086703188
28	40	36	23	47.15756318610915	116.2458930683105
28	41	24	18	38.67044441851664	106.96379536708399
28	42	27	17	36.53297711447823	99.26368151572285
28	43	27	22	37.07527110002986	86.77883687724827
28	44	33	26	61.121139277742806	169.04872924215587
28	45	24	17	36.222015942145205	98.07950515392528
28	46	33	21	49.61277709351015	139.26530409549724
28	47	27	21	50.572365301125394	138.58881271268294
28	48	18	15	37.33647489120297	105.41127959725685
28	49	18	15	31.265988471832205	86.20612425654372
28	50	9	8	14.84728535592151	34.60837385213504
28	51	30	28	57.10007964798611	154.41962073092617
28	52	39	35	75.44833957779399	203.23731247358438
28	53	30	28	63.4980185930637	180.04173624667808
28	54	30	26	52.98821937773468	145.21667301637768
28	55	30	26	55.83567851589341	139.2328546370924
28	56	18	14	26.403493525118265	73.03412849164327
28	57	21	17	32.24433668235801	84.9352682674341
28	58	21	18	36.87049235054793	91.38754801089252
28	59	9	9	18.603347228383928	48.22363347683734
28	60	21	17	41.605221316665464	124.78418737453232
28	61	3	2	4.344797850579612	14.709151141373761
28	62	9	9	19.85371052121228	52.664570617503095
28	63	9	8	17.512038313464373	43.72728021166699
28	64	36	29	62.08409642310467	163.09227214793128
28	65	21	19	40.02263137864388	102.96720377931244
28	66	18	15	30.935002817779036	89.44182998494297
28	67	12	10	23.845897214545296	62.9264149896268
28	68	24	23	47.50645904303623	115.28833983459822
28	69	18	16	28.85862946690317	59.86084462857906
28	70	12	12	25.195224666046887	70.82474378522144
28	71	9	9	18.409124150584127	48.513850157969365
28	72	21	19	40.5503006192382	115.89145936001775
28	73	15	13	27.208861603475295	71.18139219868844
28	74	9	8	16.427387897642	47.63332285804102
28	75	15	11	26.287283806486165	78.51030682983287
28	76	12	11	22.190620129643897	53.71972555015838
28	77	15	14	31.300855426452134	82.45583300043667
28	78	21	20	38.49611039129433	106.47870071158256
28	79	15	13	30.179947449987733	83.09394917909766
28	81	9	8	18.008425231232515	45.92579623694767
28	82	18	16	35.019437550755185	94.1727333740095
28	83	18	18	44.486714953984134	127.73342070195403
28	84	12	11	21.98207481882413	54.99445283347292
28	85	15	14	30.986694725658175	88.83750175870124
28	86	12	12	28.31750776383805	80.82714285205626
28	87	21	20	42.97348724362008	119.10928513366977
28	88	12	10	27.594767476289224	89.88555404951545
28	89	15	14	31.277899696379688	77.99445304735653
28	90	9	7	13.391982722441286	38.319860751087006
28	92	15	15	30.69716580225093	85.09360862305823
28	93	12	12	31.022340974196613	94.2848568976116
28	94	15	15	34.30285813282037	102.57511724017068
28	95	6	6	18.485347414644625	61.727721641314055
28	96	12	11	24.650684282669594	67.92503045426731
28	97	9	9	18.326549249752144	47.022674376109
28	98	9	8	18.861644593694596	52.80269898828075
28	99	15	15	37.330300688138934	109.9884770936978
28	100	3	3	5.298327008723635	13.401015421694128
28	101	6	6	14.18605233013727	39.21465333470831
28	102	9	9	19.7362757781028	54.91494633205604
28	103	12	11	27.2713364950297	76.9084761612825
28	104	6	6	13.715270953617871	39.77446163362305
28	105	9	9	22.083232402754955	66.4723659090632
28	106	9	8	17.021266991788558	47.15566176346337
28	107	3	3	5.382880796221391	16.878189618555833
28	108	9	9	21.25291625176159	65.996640198896
28	109	3	3	6.945002438450292	18.184625598680416
28	110	6	6	17.3562513166403	53.54081079136022
28	111	6	6	15.765149364876171	47.8434668037421
28	112	6	6	14.568516779962824	39.30897334135851
28	113	12	12	26.820297530192217	66.35594902044176
28	114	21	21	54.02143523492836	156.3044594203526
28	115	9	9	19.957935878316416	52.455538979107146
28	116	3	3	8.928716140591103	29.172215458298634
28	117	3	3	7.06364462942547	20.80186383910423
28	118	18	16	44.39223323639658	144.1953241033433
28	119	15	15	29.650885563721424	70.51082728873166
28	120	9	9	25.663145866010932	84.72516276198428
28	121	12	12	30.285633943974958	93.74500995914808
28	122	9	9	20.342230863839582	60.99914790829215
28	123	3	3	8.181604356378859	26.07787294051096
28	124	6	6	12.678747617662099	37.72412644970335
28	125	15	15	37.951186076459514	116.57367657904021
28	126	9	9	23.166507402674586	69.38712893256434
28	127	3	3	9.437910094668506	32.13491038265901
28	129	6	6	16.67679766533928	51.92849231378993
28	130	6	6	15.0211665439004	41.66904429815737
28	131	12	12	31.380634500786964	95.82817643225965
28	132	6	6	15.38395787553957	47.64399020790769
28	134	21	21	50.35852369268642	144.12197801233881
28	135	3	3	8.716542842776155	26.361999680234582
28	136	6	6	11.877915928748598	28.56722292643263
28	137	6	6	12.895044831117684	32.629816311249606
28	138	6	6	15.871124339801874	43.94323194801439
28	139	9	9	19.679073919839947	57.38565742826643
28	140	12	12	31.44462107597667	90.29459859815049
28	141	3	3	4.6451598204617355	10.811373114603379
28	142	6	6	16.002701165930684	45.17022661150472
28	143	3	3	7.620296469147839	21.20673454030718
28	144	6	6	14.362071786747784	39.58302741080632
28	145	9	9	19.994515664750374	55.51012832777656
28	148	3	3	9.106522702347313	28.92775135153427
28	149	3	3	7.767092380403849	23.47150234438046
28	150	6	6	17.328107422713035	56.13760816855152
28	151	3	3	7.01683896049364	18.26570634144253
28	152	15	15	36.281884102545874	106.71079806807701
28	154	6	6	18.14535970392966	60.94224700103133
28	155	3	3	7.038092157871887	19.93277353001897
28	158	3	3	8.112954946539297	23.212873363672973
28	159	6	6	14.187974215435155	43.54120264801601
28	160	6	6	17.632213768634454	53.93811276153271
28	162	3	3	8.230459490876523	23.740389909342433
28	164	6	6	16.563836013756376	52.08769061105086
28	166	3	3	7.502448381412715	22.61040049351779
28	167	6	6	17.494162126855628	55.6223531854758
28	168	6	6	12.860260717500308	37.280761748111395
28	169	3	3	8.298203779175036	24.56152549891395
28	170	6	6	17.06922440769476	54.72588046104586
28	171	3	3	5.844710528664677	14.15208461602252
28	172	3	3	10.159878156921543	34.462238698885905
28	174	9	9	25.57203157352199	79.00716252481976
28	175	6	6	16.95206802742309	53.88906596684529
28	176	6	6	18.654018584605097	62.93382016145628
28	177	3	3	8.286179275240936	24.81355653406916
28	178	3	3	7.584786136401084	20.617396952704247
28	180	3	3	9.607385415755608	32.52548764077819
28	181	3	3	8.083677960183856	22.465945021027316
28	182	3	3	5.6644200866814955	13.506253924426062
28	184	3	3	8.862163097674241	29.96847065686037
28	185	6	6	18.015357161808122	58.69580855624117
28	186	6	6	14.769746852862278	40.64630550740151
28	187	6	6	16.374458100796307	48.89237171006591
28	188	6	6	14.062679745780141	36.08107701628302
28	189	3	3	8.144147082769562	22.206806485584856
28	191	3	3	7.570958492009828	22.216073176115543
28	192	3	3	7.851066743877388	22.486041718454295
28	193	3	3	5.20706116879531	10.382383675882409
28	194	6	6	14.65144636120651	39.96066792408269
28	195	6	6	14.677460621857906	44.70879419437057
28	199	3	3	8.352214696643568	24.835572079743667
28	200	12	12	33.12396263986965	104.04375292379544
28	202	3	3	8.219516365477379	23.990951198995244
28	204	6	6	17.214363165185613	55.930730409657144
28	206	3	3	8.452780095865377	26.695397517831392
28	209	3	3	7.363678573596577	19.389112374135603
28	212	3	3	6.481486462026317	16.585921803860984
28	213	6	6	19.68996652876559	66.40867835944343
28	214	3	3	8.64906829509876	25.438051496092264
28	216	3	3	9.940259629653616	33.38622580690151
28	217	3	3	9.047569520692134	27.893721528361844
28	219	3	3	6.88155087828477	20.07639393106186
28	221	3	3	7.563042477098044	20.672069841591984
28	223	3	3	8.532943269350298	24.64009147602497
28	224	6	6	17.39342380580137	53.1124534295894
28	225	3	3	9.1650866134593	29.513754119323757
28	227	3	3	7.819100706442944	22.916109403947715
28	228	9	9	26.07931823803111	83.51708520844596
28	230	3	3	8.621837977793701	28.162842526179627
28	233	3	3	7.986900420248178	23.473557459760535
28	234	6	6	19.361839504791675	65.95737618403332
28	238	3	3	8.33564785846668	23.838280860198594
28	240	9	9	26.804309126884462	88.26156133295439
28	243	3	3	8.650557588624913	27.429728888892097
28	245	3	3	6.796328139185586	18.104477361548014
28	246	3	3	8.515743303437397	27.336735956747777
28	248	6	6	16.189649835868014	46.6773862248521
28	252	3	3	7.9730835192623815	27.239494909477806
28	253	3	3	7.716285319985138	23.073519981198068
28	256	3	3	8.479357192653271	25.465440503077694
28	261	6	6	18.111044527173352	60.79660134834829
28	263	3	3	8.717651896698143	28.24604838637816
28	265	3	3	9.133216940860645	30.66281727777502
28	266	3	3	9.077676695640799	29.991376694873583
28	269	3	3	9.324436667426555	30.13030457831828
28	270	3	3	9.3716495738069	31.766547567551257
28	272	3	3	9.958400479348818	33.85382817692815
28	273	3	3	7.237612261768063	21.734298100757506
28	275	3	3	8.932730964534523	27.07430481103202
28	277	9	9	23.9344635839153	76.73979712470172
28	278	3	3	8.645264600332858	27.81744159599294
28	280	3	3	10.387065911951918	37.382864672052555
28	282	3	3	6.759890238366946	17.9631958629082
28	283	3	3	9.029637348231889	29.45142132170819
28	284	6	6	18.301211003703052	61.49754181383048
28	286	6	6	17.60735088650534	57.902750183147226
28	287	6	6	16.99586710658042	54.60691846554657
28	292	3	3	9.365967423664603	32.65109346671212
28	294	3	3	8.730619153856507	25.824769817331507
28	297	3	3	8.068945868502485	24.728163437552126
28	298	3	3	9.100081956262754	29.109638279774607
28	300	3	3	7.715660170194779	23.830573976916114
28	302	3	3	8.858447874002618	29.139369405699703
28	310	3	3	8.624409226172942	27.100144227733356
28	315	3	3	8.319428842498755	24.340012302698863
28	316	3	3	9.066087093688953	27.98269593202087
28	317	6	6	20.22622850031716	72.01837235257358
28	319	6	6	20.050631652711807	70.7006387082586
28	320	3	3	9.13369811947355	29.184636237668826
28	322	3	3	10.180351890837443	35.30587707526795
28	323	3	3	7.3194489370211135	19.765462337228143
28	324	3	3	9.10770494740699	30.6161123227014
28	325	3	3	9.033828617921383	27.924828496301025
28	332	3	3	9.369298638067793	30.53185804878794
28	340	3	3	8.332357919298536	27.01098117010649
28	345	3	3	9.356322601237533	30.271510461720283
28	346	3	3	9.306411525166299	30.36696404426362
28	348	6	6	18.605711773140186	62.25445940047848
28	358	3	3	10.54876062633581	38.11321848450588
28	360	3	3	8.939248604533448	29.39680446478889
28	361	3	3	8.698864286243332	27.72648914792539
28	363	3	3	8.492535905747799	26.687390605973363
28	365	3	3	7.744399974364985	23.90209501239065
28	370	3	3	9.24303162184374	31.383989671842674
28	374	3	3	8.582521076039495	26.759687096540976
28	377	6	6	20.8612103767167	74.90104406878397
28	384	3	3	10.876558237819157	40.10146083255205
28	386	3	3	10.700329341055653	38.61380917609916
28	387	3	3	8.867012099369074	30.003507072679454
28	391	3	3	10.67701066412164	39.04418437013214
28	393	3	3	9.703570334869749	35.52593120685462
28	396	3	3	9.434476406138945	31.82429518476004
28	406	3	3	10.054584674426094	34.963231901983896
28	409	3	3	8.484369455539754	25.787028801413168
28	414	3	3	8.59460391274053	26.724424403358487
28	416	3	3	8.341287557922094	24.944280664741683
28	419	3	3	10.408013040915282	36.845478705486926
28	422	3	3	10.18451842068881	36.08604468625446
28	429	3	3	8.613471361508932	27.485304431018783
28	431	3	3	10.988976153162193	41.33472958606869
28	432	3	3	9.695526935482631	32.888001608160145
28	433	3	3	9.606927294993232	32.09613041887919
28	440	3	3	9.221433586222101	30.81910274720329
28	443	3	3	9.868001967543588	34.267086436764245
28	447	3	3	9.925472717153959	33.71443903228516
28	451	3	3	9.545660907380228	33.72382733205856
28	453	3	3	10.327761101906601	36.28504388369949
28	461	9	9	30.007590611759213	104.31640253492871
28	463	3	3	9.150791449228665	30.514984597304625
28	465	3	3	10.631916812577956	38.587655188533255
28	468	3	3	10.323004548229639	36.324818198251506
28	474	3	3	8.76110815742521	27.128008422790323
28	481	3	3	8.381519764402334	26.403560455133952
28	486	6	6	20.87302106481229	75.91205159610746
28	490	3	3	10.945840913478136	41.118464545786466
28	496	3	3	9.583023284960754	33.00560669534907
28	498	3	3	9.313042506816876	31.198166944575192
28	499	3	3	9.643098212979595	32.97978173928316
28	501	3	3	10.272848280967306	36.74343277992933
28	504	3	3	11.060101072979197	41.34839173993177
28	507	3	3	9.758263757160925	33.20469649225301
28	516	3	3	10.258947252806687	35.85839861997066
28	529	3	3	10.312082595488054	36.31642651874814
28	546	3	3	10.536300555938208	38.871070959682264
28	551	3	3	9.898996066699716	34.441582699722574
28	556	3	3	9.471760513651443	32.28474498384905
28	561	3	3	9.86925834170964	34.14593307326065
28	563	3	3	10.910150715814071	40.23386991218963
28	570	3	3	9.91293237237505	34.964838038997854
28	579	3	3	10.744947144308918	39.28944939724581
28	584	3	3	9.823472661539313	33.84108896800289
28	585	3	3	9.367195541246705	31.35600616427505
28	591	6	6	20.545697920068232	72.85662754344696
28	619	3	3	10.854345340537407	40.289215968754725
28	625	3	3	10.60090498293142	38.48493050086417
28	648	3	3	10.887615920314682	40.6862664697161
28	652	6	6	21.55797607768942	79.40484494196009
28	712	3	3	10.355399566031359	37.287356911104006
28	736	3	3	9.626174529442308	32.51980499578033
28	749	3	3	10.795595068888943	40.13773954035455
28	781	3	3	10.694721819351386	38.95662573981774
28	815	3	3	11.143862360706605	42.428981557711865
28	856	3	3	10.72969916600701	39.36266813685392
28	865	3	3	10.985573892453612	41.29044082147911
28	866	3	3	11.091837653118501	42.07585478406506
28	872	3	3	10.517427301536127	38.03088219590228
28	932	3	3	11.318023372217421	43.5213179227832
29	0	264	0	0.0	0.0
29	1	13784	479	1388.1923972387776	4839.346269501862
29	2	6152	379	988.1127655437704	3198.5481824621147
29	3	3736	348	893.2316361246496	2904.7122922042163
29	4	2584	307	694.8469639800102	2040.1628720805763
29	5	1952	302	726.2574845101454	2219.924342172948
29	6	1296	211	487.0989073843258	1479.7851482782144
29	7	1152	254	567.9346781992269	1670.7915454323254
29	8	920	207	468.30560886282046	1356.3366067582426
29	9	904	214	466.5363456637019	1367.2741306810608
29	10	808	228	451.4466729578668	1212.9129612743495
29	11	672	193	443.5395980805016	1312.2854649743908
29	12	552	148	289.8171865610566	805.5249023397981
29	13	408	110	235.20646218603247	660.4787162967093
29	14	424	132	268.5563008344583	714.6180795703119
29	15	392	137	291.80211613335274	798.5692382247582
29	16	376	156	324.8918265349167	889.310502337759
29	17	200	77	167.70846447879228	473.9589431196436
29	18	344	157	340.9570405171322	952.9894979720098
29	19	272	102	182.30967046176087	468.84823673459334
29	20	320	136	282.5528969813015	744.0658622485223
29	21	296	127	262.53346690658543	714.4357793642826
29	22	216	87	181.20008479529153	488.9121849779702
29	23	160	78	176.1878290346749	523.8518922670934
29	24	152	68	139.38673246028281	375.41774158588186
29	25	224	113	221.42754689850952	556.9953472495926
29	26	200	98	199.8240237521402	548.9330781774822
29	27	144	71	132.25387333673766	326.0388310943015
29	28	200	113	229.03016503966722	609.8233713579696
29	29	120	61	129.15276398347322	342.8370958178133
29	30	160	90	188.4954558480506	496.25569610908934
29	31	88	41	88.82242432857973	243.4697621302749
29	32	120	67	136.19848042624898	362.47229078851865
29	33	144	81	157.37778464621712	406.3819618175393
29	34	96	55	122.73601668085081	336.76325424902694
29	35	64	30	59.23137081508942	153.33912472044108
29	36	112	62	128.6931803313011	366.02972154607903
29	37	104	61	132.0866501191706	348.24597704090087
29	38	72	42	85.72928951218492	221.80606647950896
29	39	144	77	151.8466718586371	396.4981051637617
29	40	96	54	115.18361308684288	316.8317610218735
29	41	64	39	93.69327469167638	269.9598587610282
29	42	72	47	100.93679543685957	283.6616595868286
29	43	72	42	97.02922300936731	277.97223622032294
29	44	88	52	113.43417710673914	313.6795856058636
29	45	64	38	84.57856075453833	229.1762181950119
29	46	88	48	94.2547205857861	243.27296847995524
29	47	72	51	118.42914986616573	342.01830945241807
29	48	48	34	74.56498489137792	210.8436054667485
29	49	48	30	70.14454836161049	205.08903811404258
29	50	24	15	35.775435426968656	103.36018008774569
29	51	80	54	119.28962861938592	310.9359270603457
29	52	104	67	153.20479437046052	434.19180112489676
29	53	80	56	130.94186495657664	369.7302320513812
29	54	80	47	105.07613976227562	292.3954175283486
29	55	80	50	118.01272523432601	339.22699987094677
29	56	48	26	59.81123112313561	170.20601118165467
29	57	56	36	77.2696790800158	214.0874150602737
29	58	56	37	89.9130427836524	245.9741130142276
29	59	24	17	41.47413910410008	114.66597050653536
29	60	56	39	83.3257208838621	212.29177422238263
29	61	8	5	8.603850333102951	20.797932608306503
29	62	24	15	29.430266301121463	82.08123921206118
29	63	24	17	43.330341498191075	123.65716764800669
29	64	96	64	144.41479462203108	391.28969463383737
29	65	56	37	86.17907238823065	234.26353133961416
29	66	48	30	72.45811842806316	214.3380091651755
29	67	32	21	45.78392636474109	127.15884207595629
29	68	64	47	106.66369981643295	287.677397144652
29	69	48	31	66.70320057144913	173.2286639463607
29	70	32	20	52.39509575855745	160.33488546218456
29	71	24	17	34.61333086243293	87.55821661058471
29	72	56	38	88.16872181339119	242.86146804129476
29	73	40	26	52.270475676819004	127.23711280701613
29	74	24	15	31.60805062560567	82.44583639076109
29	75	40	27	63.7815870070245	184.03936079484492
29	76	32	21	49.85157391791721	139.63680417062403
29	77	40	27	65.27044274239773	179.53933950953729
29	78	56	40	102.4438789825337	313.42316345430055
29	79	40	30	72.34781355877354	199.55727212970763
29	81	24	17	40.43388360999457	114.445775684977
29	82	48	35	79.91614997975745	218.29964492577443
29	83	48	34	86.25481851267011	256.80404760627323
29	84	32	20	45.09862066784994	118.21969203782497
29	85	40	27	71.58719374605921	214.6995178034431
29	86	32	22	52.512491321234016	153.67140710072906
29	87	56	40	104.83484078588336	315.43003564674484
29	88	32	23	62.28763733976048	193.46165184050483
29	89	40	27	70.29004130766353	215.5420352475013
29	90	24	16	36.638257551384086	94.90910780184227
29	92	40	31	75.3671716490696	216.1153928303205
29	93	32	22	58.39145035719326	171.33094159333868
29	94	40	28	73.11438404251496	217.30224390898553
29	95	16	12	34.436895824984816	108.7877159402788
29	96	32	24	56.55675553770365	155.70021899964925
29	97	24	16	41.27463210143204	118.61468453916441
29	98	24	18	43.25118058614513	123.90385617673012
29	99	40	30	76.55851443471848	221.19448928949095
29	100	8	7	17.30933998398161	46.835473048418926
29	101	16	12	36.0445058296656	122.59232726718497
29	102	24	17	42.64622510078618	117.27553719667519
29	103	32	23	56.01329602973272	155.13876282733509
29	104	16	12	34.25789973823676	108.0393757391987
29	105	24	16	39.42984260744952	113.10199869200174
29	106	24	18	44.000185679590174	125.36448198577801
29	107	8	6	15.681218840800916	45.031666288013945
29	108	24	17	42.43479275270692	124.44396752815854
29	109	8	6	16.602171342307877	47.846295501111655
29	110	16	12	33.66706926780134	108.57083463460646
29	111	16	12	33.796707664123694	112.3661731934245
29	112	16	11	32.978503979683055	113.65071923419703
29	113	32	21	54.8984524132104	172.6191626814048
29	114	56	40	108.37221960333335	342.64103682611255
29	115	24	18	46.40548893432572	141.06090421383007
29	116	8	6	16.74077702825698	48.980302285819505
29	117	8	6	15.509225550246107	46.52861951494778
29	118	48	36	95.48738206766069	279.2151072166526
29	119	40	29	70.80451320258626	204.71434693717308
29	120	24	17	50.079149334200594	173.9974566150271
29	121	32	23	58.921949816937456	176.3403465695956
29	122	24	18	38.308648053341166	97.75522380329043
29	123	8	6	16.921022603231524	50.25753629735141
29	124	16	11	23.4365578519737	61.80904605530552
29	125	40	31	77.75913133919535	237.77955443117605
29	126	24	18	51.59848879300788	162.96890775702298
29	127	8	7	18.644211908516432	53.401865924399196
29	129	16	13	31.2334443880035	83.93903777068623
29	130	16	13	34.07567601196937	99.96414106343265
29	131	32	27	72.89178544880035	222.1608595072813
29	132	16	12	31.79738001544866	103.70824907001753
29	134	56	42	112.96634461096346	352.91316207739413
29	135	8	5	13.382737880994652	41.72497256869818
29	136	16	13	32.63042755666946	89.48469137339309
29	137	16	12	31.120976454332492	89.08059287913107
29	138	16	12	36.8921937014951	124.04823945709455
29	139	24	18	51.57497853668665	169.46629653131728
29	140	32	23	60.70864793698276	183.2936839218818
29	141	8	6	14.87988096082998	42.0937201520635
29	142	16	11	32.3503714604752	103.69269560297397
29	143	8	6	17.836345263009424	59.307896334289794
29	144	16	11	26.52445860878756	70.88230878158849
29	145	24	18	54.465496727462636	186.7418130243554
29	148	8	6	17.77851975407127	57.52821405151579
29	149	8	6	15.894229174800728	46.143023799992605
29	150	16	13	35.420265160308645	106.13317407013842
29	151	8	6	13.752485315107176	33.25386743016178
29	152	40	29	81.05368970364054	254.3419955773406
29	154	16	13	33.10252744703995	99.1378970563967
29	155	8	6	17.005301157518424	54.775042525061565
29	158	8	6	16.593032997994104	50.93670746056927
29	159	16	12	32.78488834889104	98.89559617270157
29	160	16	11	29.785487822749822	88.67513608830495
29	162	8	6	18.751881832985273	67.77704575262658
29	164	16	13	37.66388807230168	117.31542870207522
29	166	8	6	16.840738489158	54.3464422736202
29	167	16	12	34.99211987218405	111.43854835997402
29	168	16	13	31.10521148409726	87.60240047706563
29	169	8	6	18.272436448626486	61.34931569918991
29	170	16	12	29.047257303770024	85.79637844930608
29	171	8	7	19.46342114788446	61.10379101000555
29	172	8	6	14.097638565516643	39.93970653781865
29	174	24	19	56.01606500036624	180.39480690019965
29	175	16	11	30.462630110056065	90.60074296218814
29	176	16	13	39.2259812143983	132.92973589399136
29	177	8	5	13.728700568557244	41.3205780764069
29	178	8	6	18.232582288752486	59.083530914496336
29	180	8	6	16.46594071326143	50.83878906049665
29	181	8	6	16.753989120094893	53.811941760868834
29	182	8	7	18.83915809624327	57.58343509732626
29	184	8	6	18.1993250609593	59.18944168009862
29	185	16	11	37.096987172580555	136.37368067321088
29	186	16	12	34.48773776347187	108.7481944858588
29	187	16	12	33.62822062236144	102.40723689826066
29	188	16	13	35.53712603379488	109.0968527273704
29	189	8	6	14.194720918419197	39.1133180890548
29	191	8	6	15.957733628502098	49.86858183399053
29	192	8	6	16.847629958025102	51.89164974552621
29	193	8	6	14.141262340305623	40.253188531188925
29	194	16	12	32.727555178700584	99.89822063406112
29	195	16	12	37.32627142618361	129.81187788413837
29	199	8	6	13.808267797658608	36.0920054643757
29	200	32	26	73.04997276351708	227.19366889798113
29	202	8	6	16.335407538089825	49.40301138299913
29	204	16	12	32.88873842315824	101.81328846733652
29	206	8	7	21.324565165409787	70.27022382958859
29	209	8	6	18.24696240374043	59.50234686693988
29	212	8	7	19.940578758340934	62.288289310660886
29	213	16	12	35.49658545285528	119.49607899678797
29	214	8	7	16.842714185283448	50.993385728856154
29	216	8	5	14.534864463733342	46.11474727711181
29	217	8	6	20.011593370089596	72.8022119244101
29	219	8	6	18.066982263621956	63.66390214545843
29	221	8	6	19.226445883595463	70.44973567196536
29	223	8	7	17.813757739317076	51.4486294396291
29	224	16	14	38.22411869144139	116.08613943890946
29	225	8	8	22.871703281453744	71.5568994284021
29	227	8	5	14.987092938565176	51.22063417352505
29	228	24	20	59.108038860131686	199.7088656699102
29	230	8	6	19.853477267557196	69.68419734273012
29	233	8	7	18.990102885694263	60.63914683580998
29	234	16	13	39.16714666136937	125.66066706515412
29	238	8	6	16.220019379018577	52.00396718593704
29	240	24	18	56.7193267979859	192.17235501837303
29	243	8	6	19.89646707356662	74.77460803263749
29	245	8	6	15.831562415262454	48.895527599642165
29	246	8	6	17.58430069819298	56.094866780780094
29	248	16	12	36.09170634016344	122.0724193760657
29	252	8	7	22.23185025692093	80.39011555974912
29	253	8	6	16.7797489727008	51.40267705633508
29	256	8	6	18.01648206115146	57.77106749797671
29	261	16	14	44.150023207340595	155.03895511098062
29	263	8	6	16.404602251148226	49.44775445144663
29	265	8	6	19.533658854895172	68.08551834086957
29	266	8	6	17.94679783350309	59.103135313023145
29	269	8	7	22.220522099861356	74.76041819681313
29	270	8	6	17.62434434404737	55.82075370147111
29	272	8	6	17.993188105757717	58.76289508335584
29	273	8	6	16.933120534332467	52.07153417419727
29	275	8	7	21.538222441980366	71.3736964859587
29	277	24	20	59.64014011471219	197.6461581784485
29	278	8	7	19.552908096875555	59.864487988625186
29	280	8	7	20.76419914640546	67.802201160966
29	282	8	7	22.42433141938909	75.4209572679689
29	283	8	6	16.66654013139899	51.935786771135
29	284	16	12	36.43497487763577	122.41644905513903
29	286	16	14	40.62519963367894	136.9566777155485
29	287	16	13	37.5387491644857	120.96096892212388
29	292	8	7	22.3229252958906	78.22734825207834
29	294	8	7	20.96896573440067	73.08805327683348
29	297	8	6	18.319642339759337	59.7676090707769
29	298	8	6	17.65479180506407	57.58677631765576
29	300	8	6	18.335739687860794	59.46576328095576
29	302	8	6	18.611293202021884	64.20943355796308
29	310	8	7	19.702781073987502	61.57855519748911
29	315	8	6	16.390668261506896	55.49685513707628
29	316	8	7	18.77150033204804	55.71545722355381
29	317	16	13	41.919930982841976	149.28519898225008
29	319	16	12	38.01405228708798	128.84848809374347
29	320	8	6	19.299446721707753	68.21127574469666
29	322	8	6	20.146086842569755	71.7593167579211
29	323	8	6	19.415143694058358	67.76838607918378
29	324	8	6	20.32247644630599	76.76372568823862
29	325	8	7	19.039498922425004	58.525954995415574
29	332	8	6	19.360881796981808	66.58784162222842
29	340	8	7	20.64151494305427	67.9239097030763
29	345	8	6	17.161319494764612	53.78492499752649
29	346	8	6	19.62442506742795	71.81231427008181
29	348	16	13	39.62639666018906	133.81476759472343
29	358	8	6	17.669677973947145	59.02616983337491
29	360	8	7	20.06177817438771	64.00643072673047
29	361	8	6	18.003536565716935	59.150529566645744
29	363	8	7	20.068741692488107	61.40985576951859
29	365	8	7	20.76289361143792	67.54234222649976
29	370	8	6	19.40468773527695	66.35546444438225
29	374	8	6	19.980274137171172	71.25031616156087
29	377	16	13	40.02336584863755	132.2087433329131
29	384	8	6	19.154438455475642	65.20640715986042
29	386	8	7	21.603170119977023	72.7804413415474
29	387	8	6	20.823252994265424	75.44974636624437
29	391	8	6	18.822025686497554	62.96382948609845
29	393	8	8	23.599562230831886	79.527203367497
29	396	8	6	18.88327655259851	65.09687045397641
29	406	8	7	22.7071455787754	80.27094701569905
29	409	8	7	22.293094432010598	76.56269833222626
29	414	8	6	20.08167244282943	69.80172536776068
29	416	8	7	20.830010669010516	70.32954606285901
29	419	8	6	20.973110544787275	77.35556433426939
29	422	8	7	23.313948828771455	84.28915976818189
29	429	8	7	21.70534231871012	75.14186784215511
29	431	8	8	23.56659728547221	77.65731850088568
29	432	8	7	22.047886927463814	76.00498351259927
29	433	8	8	22.763317338826234	78.40912694025133
29	440	8	7	20.85019400540928	69.53277203215569
29	443	8	6	18.576451452579207	62.54780237292795
29	447	8	7	22.917573508626763	78.8886087087766
29	451	8	7	21.08829211024552	71.46650457710487
29	453	8	8	21.979452123495548	68.11298305275503
29	461	24	20	61.91741219071516	212.639142065878
29	463	8	8	25.499699188383538	90.64854048951861
29	465	8	7	20.49102923431554	67.76846874796732
29	468	8	6	19.90267564681752	72.99954996362439
29	474	8	6	18.753935851712782	65.8267943308968
29	481	8	8	24.119066438940607	80.43301695304615
29	486	16	15	48.110346799871124	170.02328265846725
29	490	8	7	22.25894666693648	74.97845446454201
29	496	8	6	20.02353170385828	71.1049378019486
29	498	8	7	22.42968713143714	76.81533026317386
29	499	8	7	22.652512261885086	79.45683613432152
29	501	8	6	20.506234683042305	73.37819476575888
29	504	8	7	22.979713973978786	80.4270629827448
29	507	8	6	21.616043087715095	83.49846397865376
29	516	8	6	22.426986669741098	87.79893839545386
29	529	8	8	25.658565687818967	90.36280609946678
29	546	8	7	22.969293602023836	83.337932938531
29	551	8	6	19.708178492311056	69.42395172705903
29	556	8	7	21.104672250308223	72.20753383737232
29	561	8	7	23.930753354276966	89.11573717586566
29	563	8	8	24.397733542476896	84.42874581894748
29	570	8	7	22.965922587198087	82.95322425576606
29	579	8	8	24.545318785980346	87.48425404524261
29	584	8	7	21.800484466617938	77.69058778254244
29	585	8	7	23.371644295964046	83.13332922687854
29	591	16	15	47.94011530577933	168.94794270656433
29	619	8	7	23.435752838748805	89.60989802113555
29	625	8	7	23.06737058847554	85.20121244490258
29	648	8	7	24.034003160227794	88.91471988759534
29	652	16	15	51.95394397787919	197.73861905251783
29	712	8	8	25.00325933087295	90.21715430118414
29	736	8	7	23.42385633329384	83.95113205788915
29	749	8	8	26.082571414604523	96.71505735554572
29	781	8	7	25.27827400121675	97.12994240680376
29	815	8	8	26.905713735248607	103.64170357260926
29	856	8	6	24.1506727203694	100.5597242792909
29	865	8	7	24.419380353448332	90.99397883256555
29	866	8	8	25.700555088483203	94.54258095096388
29	872	8	8	25.71145637265943	92.88003489315058
29	932	8	8	26.76748985303005	102.17404807623902
30	0	99	0	0.0	0.0
30	1	5169	340	708.3741427893357	1946.0522182844984
30	2	2307	248	444.9922836299565	1135.4343986923013
30	3	1401	224	383.29661912678364	917.6045322974252
30	4	969	215	334.48735537948244	792.6937374805527
30	5	732	174	274.3018786169987	633.7490082271612
30	6	486	136	220.79959888192042	554.4875337781675
30	7	432	154	222.02696274171268	499.34256473563136
30	8	345	123	202.16808547050442	500.28201738349554
30	9	339	128	182.3256135247221	399.7253473119525
30	10	303	145	215.71481780198076	504.64026988841704
30	11	252	106	165.32753645266445	390.394278731507
30	12	207	97	121.69164906456123	240.30771752403234
30	13	153	60	85.80905952913157	197.57350972163113
30	14	159	80	128.88791462359717	305.61469463970496
30	15	147	77	102.12070080001672	213.56264386942388
30	16	141	87	129.76616642478848	276.68803420813026
30	17	75	41	61.13693183562634	137.14906989528552
30	18	129	82	133.3580907298978	310.6685143711461
30	19	102	63	63.6408831456208	108.21116852711151
30	20	120	67	95.60509849032007	200.09692738983586
30	21	111	64	84.87845001375477	170.60782569770123
30	22	81	49	74.16292270216603	165.9868415635072
30	23	60	38	55.46617781049012	125.93070563856087
30	24	57	37	64.69342831931048	158.66596404170085
30	25	84	57	91.11068015027345	213.83390687731588
30	26	75	52	83.90390884140153	194.46740965295928
30	27	54	32	47.098970353056075	98.50764887679674
30	28	75	55	91.12501338575231	221.95252679904445
30	29	45	27	47.362461023291786	111.95780358578531
30	30	60	45	63.53135018762342	136.25958236471226
30	31	33	23	37.83840491738811	92.76086592732604
30	32	45	32	54.18540172935295	131.74330807719969
30	33	54	40	75.30546491786897	205.6792362108392
30	34	36	25	40.79490420793788	92.68054644967027
30	35	24	16	30.4283221866973	77.0599514628938
30	36	42	31	51.74816875213094	124.09273147868127
30	37	39	31	49.84963989819629	106.64745435445913
30	38	27	20	30.14099671328297	65.94535427721658
30	39	54	41	56.32233857996225	104.11371262403937
30	40	36	26	36.801219606288115	80.48365355128912
30	41	24	20	38.8585181192237	96.78156468084718
30	42	27	18	30.33878597790597	75.34190744005303
30	43	27	22	42.15458091663858	104.44077823562984
30	44	33	30	52.3084586645467	129.53646711963813
30	45	24	17	29.821798977224457	69.88887256182525
30	46	33	27	49.70855830229363	123.03908302247679
30	47	27	21	42.05977504803469	109.72727354428758
30	48	18	14	25.403317949770198	60.36558019654119
30	49	18	15	30.303348104026345	81.24173697656376
30	50	9	8	12.501044488578685	28.631815403754803
30	51	30	28	51.46142755857474	138.83650397643453
30	52	39	35	63.74915744594738	161.09248240986494
30	53	30	26	50.42279888098219	114.66259468888889
30	54	30	24	41.313241771324336	107.63960210205094
30	55	30	26	48.04303292254778	114.80946647011824
30	56	18	15	28.627507602712175	71.84478890605902
30	57	21	17	30.77383484757326	67.98747967445148
30	58	21	19	35.95792165616963	79.99379853862392
30	59	9	9	19.34600354062708	52.91999547569786
30	60	21	19	35.69476408805487	92.86501006629103
30	61	3	3	4.71052068614541	8.962314849450843
30	62	9	7	9.210048460250656	17.104323520601802
30	63	9	5	9.839373639810498	23.253141630674616
30	64	36	29	53.66289362176617	125.05265723116372
30	65	21	18	36.15670068792156	84.99750652546433
30	66	18	15	33.045323778510266	92.07300116823646
30	67	12	11	22.473792344598927	57.397072283074415
30	68	24	23	40.5137171918406	93.4220274207722
30	69	18	13	23.345138635760428	53.96277661487523
30	70	12	12	22.90513663690179	52.52332136017218
30	71	9	7	10.082223286509322	22.854285816442204
30	72	21	16	28.562813591983016	64.9602803584554
30	73	15	12	25.669190640807876	62.19323199139606
30	74	9	8	17.87259577930906	49.79287423716499
30	75	15	12	22.37782526832614	51.70790521447651
30	76	12	10	18.972530929654404	42.5438097713381
30	77	15	14	29.163333305612944	79.02046759229539
30	78	21	17	27.11780353654691	65.26979695918557
30	79	15	12	23.299294613322125	55.03640499386873
30	81	9	8	14.74055926054055	40.97608121703668
30	82	18	15	30.81834746436334	73.83616245931435
30	83	18	18	40.25842733094358	104.64311387749358
30	84	12	9	16.07969305431991	35.7247243838194
30	85	15	14	28.069955868933505	68.1237789364962
30	86	12	12	23.788572084543638	56.001110346131874
30	87	21	19	40.69539620108573	110.61230156278694
30	88	12	11	23.427307901834315	63.83448774555243
30	89	15	13	24.566500169788046	54.962118542800624
30	90	9	8	14.059042232702941	31.820034636262115
30	92	15	11	21.68779482865284	51.13700482948482
30	93	12	11	27.53018052019795	77.98821509334078
30	94	15	13	26.464338497939515	67.70665385121968
30	95	6	6	14.039199250852835	35.12394053159999
30	96	12	10	20.889746081171328	49.92667491500975
30	97	9	8	15.235617220298572	40.01178672448821
30	98	9	8	17.991581126829296	47.57000465508301
30	99	15	14	24.454774097199476	54.57940676267029
30	100	3	2	4.771581645615759	11.385357766857926
30	101	6	6	13.641226921424012	36.74202735231416
30	102	9	7	20.38549065521798	70.70500736821714
30	103	12	11	22.959553652145946	60.13239854716107
30	104	6	5	12.355470002219196	35.39983736715625
30	105	9	9	16.371496869860437	38.71086483933283
30	106	9	8	16.010720684388723	37.72340091515158
30	107	3	2	4.372099415311714	9.577108391199785
30	108	9	8	16.60347701860218	45.27274896357531
30	109	3	3	6.697628840936643	17.90147144371148
30	110	6	4	8.342481686553409	21.436180685487273
30	111	6	6	14.843066727201053	41.08819640900658
30	112	6	6	14.462125362738114	42.89311215093703
30	113	12	10	22.095559226221837	56.86623010713699
30	114	21	21	50.27681437400318	144.91245661021298
30	115	9	8	16.482265596253534	37.27382292891059
30	116	3	3	7.130874013604988	17.940354860549686
30	117	3	3	5.940266720308419	14.446508722387989
30	118	18	17	38.87038368952796	102.71011459533143
30	119	15	13	26.420447598304584	67.50256105097147
30	120	9	8	15.87645811906356	42.22071975563081
30	121	12	11	23.084112265510072	62.18272365438481
30	122	9	9	19.506409197740666	49.733883640927374
30	123	3	3	6.796021544643217	18.02269962072013
30	124	6	6	12.723721945579753	33.93849390383949
30	125	15	15	31.76507803939976	76.73019047543626
30	126	9	9	24.021617851005356	68.7909217596202
30	127	3	3	6.931310266258872	20.724314843392914
30	129	6	6	14.65071797921924	38.802045637688394
30	130	6	6	12.09388235071587	28.026307993002845
30	131	12	12	23.86655802185078	59.01571639095137
30	132	6	6	13.606396133546234	36.547573277879046
30	134	21	18	38.87625701054494	99.97610457648302
30	135	3	3	7.576257154402514	22.288636543605495
30	136	6	6	13.08356626908892	37.36052979491668
30	137	6	5	12.260382590629847	35.79338565259422
30	138	6	5	10.316345218903596	25.547026549161558
30	139	9	7	16.098362540052214	39.96424420670391
30	140	12	11	23.39101561892536	65.81640307940754
30	141	3	3	6.3902381184566615	17.07902255970383
30	142	6	5	12.337969169135883	35.91600925984123
30	143	3	3	7.5417130134694315	19.682970900672707
30	144	6	6	15.363489309571717	44.806529942536685
30	145	9	9	22.529047060339572	62.935206523805455
30	148	3	3	8.492284917424914	26.25627261648727
30	149	3	2	5.262973665140745	15.894869544931698
30	150	6	6	14.434704490703933	40.77221200815089
30	151	3	3	5.455648273319276	15.293510473374182
30	152	15	15	34.640937490046326	93.3730437408257
30	154	6	6	12.814009978676083	37.68858070736886
30	155	3	3	7.90699807050033	22.75644514307934
30	158	3	3	8.66599739353709	27.710200476678544
30	159	6	6	12.433684055917421	33.442425037358234
30	160	6	5	11.464438634772184	30.735826421385994
30	162	3	3	6.180146518233367	18.019692684733084
30	164	6	6	16.828109555004843	51.464945921649445
30	166	3	3	7.978926017798644	30.405525457144577
30	167	6	6	12.713872216312192	31.242739158919967
30	168	6	6	15.196711614986228	48.25359639917987
30	169	3	3	7.063785910847599	20.139599601824955
30	170	6	6	15.528047720584986	48.3951032582774
30	171	3	3	7.222506922784753	18.425489358999783
30	172	3	3	7.682061160393979	21.076431402018706
30	174	9	9	18.93272454967483	49.751948281227975
30	175	6	6	13.712464158234773	37.81250228717138
30	176	6	6	17.380748012803615	53.54412500112963
30	177	3	3	7.956778869395226	26.06461470105623
30	178	3	3	8.046461801703417	24.521713125789333
30	180	3	3	5.989577988380217	15.182172394916547
30	181	3	3	6.480844727241717	16.81752462937059
30	182	3	3	7.836530442779369	23.000555764937868
30	184	3	3	6.325144066214005	17.60725514923068
30	185	6	6	13.063224844817338	32.021794939051645
30	186	6	5	11.350073996137095	30.30577690600734
30	187	6	6	13.940298486358643	35.804025997267544
30	188	6	6	12.042616004515947	31.41247239581959
30	189	3	3	3.6701681293648205	6.167204313568778
30	191	3	3	6.00306775537722	13.560077820450944
30	192	3	3	5.1558705069005075	13.515774346612389
30	193	3	3	8.134325269850603	26.01701155844465
30	194	6	6	10.585076058039885	21.799743875771952
30	195	6	6	15.50509841266696	50.7003455928621
30	199	3	2	5.32513958717289	14.998815764745176
30	200	12	12	25.434818168698275	67.74197751939931
30	202	3	3	8.717302900361018	26.31102688627862
30	204	6	6	14.497049560154085	41.24504631121585
30	206	3	3	8.607680437321406	27.37617609374645
30	209	3	3	7.504529586929721	20.33251534756691
30	212	3	3	8.982692530249398	27.42942106210956
30	213	6	5	11.43277857138773	34.34993169387959
30	214	3	3	6.982299068037274	19.88886902934108
30	216	3	3	8.199174559762342	22.96833138060523
30	217	3	3	7.30603229959234	22.146827225317974
30	219	3	3	6.7406503388171775	16.68250991531216
30	221	3	3	8.414374171494805	25.762970309042224
30	223	3	3	6.100746625011618	17.682507100370064
30	224	6	6	12.789861253135676	37.70985440829372
30	225	3	3	7.437781082028052	21.766387337270423
30	227	3	3	7.022777934874269	18.651342953044814
30	228	9	9	25.814656727262186	86.53056357490026
30	230	3	3	8.153152453905527	24.62968212614809
30	233	3	3	8.904067608104851	28.957205952819805
30	234	6	6	13.967156523824023	40.20852104919075
30	238	3	3	6.948138807970597	18.717518515832296
30	240	9	9	25.27119125947714	80.43790217705343
30	243	3	3	7.984594341667022	21.746022719448966
30	245	3	3	5.566858872775725	14.229226181745984
30	246	3	3	6.906025317066516	18.92714945031662
30	248	6	6	15.813858560393635	49.25554592412089
30	252	3	3	10.544728999292728	39.32934583323096
30	253	3	3	7.426580935722722	20.264994268982495
30	256	3	3	6.797666054092496	19.034784553184252
30	261	6	6	17.29728002189419	56.591315295641785
30	263	3	3	8.14203508546766	23.840549084895464
30	265	3	3	9.718732102128683	32.81576235906935
30	266	3	3	7.698716205848019	23.273388461887095
30	269	3	3	6.535972805938164	18.08784055244882
30	270	3	3	8.887161660338872	27.425357686290653
30	272	3	3	6.737867711165869	18.70800793819167
30	273	3	3	8.054904412383292	22.887383761418477
30	275	3	3	8.494144306301799	26.099044256102815
30	277	9	9	25.48388218287507	78.47593501611128
30	278	3	3	8.935381135119828	29.394802764035028
30	280	3	3	8.039175299023148	22.282422471641766
30	282	3	3	7.889593542988207	22.82881656728463
30	283	3	3	7.628774512330385	19.77495358473424
30	284	6	6	18.911544319852194	62.9193194594057
30	286	6	6	16.485864036384122	50.39127641150295
30	287	6	6	14.262247549814633	38.8718068396924
30	292	3	3	9.1378404329353	29.676678666080562
30	294	3	3	7.845251514613787	21.84281372150862
30	297	3	3	8.050875110410884	22.243688733595043
30	298	3	3	7.816464428788531	21.51401273046232
30	300	3	3	6.506688318184427	17.23880664932463
30	302	3	3	8.542446084353227	26.470426475353072
30	310	3	3	8.708928181113546	26.473780209504852
30	315	3	3	6.721364617312222	18.439968415214132
30	316	3	3	6.4198182953794145	18.65228492353112
30	317	6	6	16.832922621002837	50.65098922551722
30	319	6	6	17.7768043572051	56.08717581907067
30	320	3	3	8.751725157142191	26.820881144300515
30	322	3	3	7.094458199484045	21.089209314962964
30	323	3	3	9.887273410043335	33.51749361672996
30	324	3	3	6.606363495034447	17.415532467335023
30	325	3	3	7.751905125141856	24.782013123830353
30	332	3	3	8.093527669411973	22.968212544993744
30	340	3	3	7.369410020004037	18.974143867977773
30	345	3	3	9.0062073223537	29.737549125624664
30	346	3	3	7.708771364541902	22.542955950169333
30	348	6	6	16.96085217769134	55.63351317662294
30	358	3	3	8.793283141059609	26.670841777882124
30	360	3	3	9.395976645070968	31.30423251657709
30	361	3	3	9.898615222571177	33.822079742368885
30	363	3	3	7.944316567773375	22.438467139815188
30	365	3	3	9.231152477033863	28.91801478911333
30	370	3	3	7.770927329747941	25.431469487031684
30	374	3	3	8.42640479156527	24.72992678719476
30	377	6	6	16.337626735028756	46.913269635717036
30	384	3	3	7.385018495084955	22.72519043431943
30	386	3	3	10.240249707709943	35.416508634168736
30	387	3	3	8.283845616736246	27.191638709749178
30	391	3	3	10.180895023098756	35.16157867000876
30	393	3	3	9.085441596834299	29.289429891867524
30	396	3	3	9.985862979665658	33.84655869164958
30	406	3	3	9.263413637007412	29.85452849098054
30	409	3	3	8.505558522085256	25.86003980478519
30	414	3	3	9.866807017328046	33.927122438756804
30	416	3	3	7.329270892040137	18.69394113795132
30	419	3	3	7.594223502312382	22.506873658174904
30	422	3	3	8.804637529210769	27.141264585104146
30	429	3	3	7.445675858707701	24.62511277308881
30	431	3	3	7.86534000213644	21.780403488417583
30	432	3	3	10.846847895178549	40.2189904524528
30	433	3	3	8.340994624517784	25.686641640265492
30	440	3	3	8.78402597962086	26.003159567222454
30	443	3	3	8.21573643209972	28.240053926801284
30	447	3	3	9.32785410814275	29.53643573589899
30	451	3	3	10.194298150863663	35.13494336598073
30	453	3	3	8.152127968607566	22.27616015726969
30	461	9	9	27.309871133984586	86.61486210144685
30	463	3	3	9.512314995224676	32.350267894588114
30	465	3	3	8.91178646129262	28.12388314919432
30	468	3	3	8.903571114270395	28.01231552934017
30	474	3	3	9.46543585660809	31.883155841650655
30	481	3	3	9.317874724299978	29.60759387458465
30	486	6	6	20.51674044462191	71.8718308836329
30	490	3	3	8.683366544174909	27.614718702380685
30	496	3	3	7.200942423749364	21.08536449627231
30	498	3	3	9.295419779854026	29.755290859533137
30	499	3	3	9.66603443698282	32.10443858483237
30	501	3	3	10.184294866812488	35.23532756713368
30	504	3	3	9.033685947518997	28.224747950494805
30	507	3	3	10.468672575171595	37.33164308582464
30	516	3	3	9.393405395247154	31.287565694692937
30	529	3	3	10.914864365032248	39.98893074144773
30	546	3	3	10.884855192522926	40.19424680257041
30	551	3	3	9.541747152886062	31.72847394641082
30	556	3	3	9.753464283880705	33.27574222326727
30	561	3	3	9.149915138594725	29.75171372234761
30	563	3	3	8.8169136432201	28.353740443724796
30	570	3	3	9.350312347177896	30.77585537818084
30	579	3	3	9.281855125570525	29.637885374871534
30	584	3	3	9.799834245128562	33.15851163552401
30	585	3	3	10.171472188809593	34.96843924032535
30	591	6	6	19.240864340528013	63.67852072440832
30	619	3	3	10.436359142870813	37.769366898890695
30	625	3	3	10.483490007895039	37.126470468579285
30	648	3	3	9.369268410487471	30.797601092422887
30	652	6	6	22.2388677537283	83.02442915967997
30	712	3	3	10.079127140067982	35.15354098475164
30	736	3	3	8.919257476178997	28.80058050178566
30	749	3	3	9.660224890030454	31.845232329347887
30	781	3	3	11.079540580630837	41.386467612066156
30	815	3	3	10.98801421046835	40.675416597827066
30	856	3	3	11.212073997868515	42.280048047060276
30	865	3	3	10.388715990370741	36.102177998155845
30	866	3	3	10.886056572839188	40.23876566984991
30	872	3	3	9.991143040729462	34.78620317603453
30	932	3	3	11.21193843187909	42.28850006418752
31	0	264	0	0.0	0.0
31	1	13784	617	1888.5699118905868	6548.574815778611
31	2	6152	463	1276.7355594053083	4145.418942840962
31	3	3736	412	1075.3031372187697	3323.7769562281833
31	4	2584	373	943.3055383720996	2818.8382998318684
31	5	1952	338	838.4639477135323	2479.797438488122
31	6	1296	234	547.183218764791	1593.336902638877
31	7	1152	290	689.7615843522901	1959.3670353668417
31	8	920	230	534.4130415226223	1495.2048707592128
31	9	904	246	570.1382776830912	1629.8046594101643
31	10	808	274	638.4582677989531	1838.2945571472712
31	11	672	210	501.4023885069207	1441.187429057207
31	12	552	176	379.17830417452274	1026.906189204276
31	13	408	122	268.4230080846273	728.974482942514
31	14	424	163	379.2327857946932	1063.5717352475922
31	15	392	150	357.00031260218714	1063.5320769756065
31	16	376	162	362.12586111932694	990.2516323060321
31	17	200	97	219.60889382288238	595.436179880431
31	18	344	158	371.56556195059477	1032.4808066158184
31	19	272	117	250.93742465105308	675.0036115968677
31	20	320	150	327.9405443386134	864.0090430713697
31	21	296	137	312.26925759876974	844.5481631840039
31	22	216	101	241.83220764933134	665.6374063820265
31	23	160	89	207.85860029199878	579.7726745337354
31	24	152	79	176.6338352297755	470.42070332050656
31	25	224	119	260.7271393577736	709.8349230840736
31	26	200	116	252.85533794070568	658.3044064796096
31	27	144	79	178.14155632873792	485.3093632306129
31	28	200	123	269.9648524815632	721.5151233761135
31	29	120	67	164.2139973848012	469.0312465883434
31	30	160	99	228.33391578454496	605.5657832012905
31	31	88	54	112.1337480765071	268.5421391166483
31	32	120	61	133.69214415424105	360.05110973592747
31	33	144	87	200.41877440534859	556.2900683735272
31	34	96	59	134.0471034481859	365.02777440719984
31	35	64	31	62.87878663400587	151.78565265485292
31	36	112	66	150.0550405309873	398.14407359814794
31	37	104	64	152.4249695397723	413.71261290455436
31	38	72	40	96.10407283256023	272.6155948132666
31	39	144	93	213.04306875442495	584.6733642923616
31	40	96	56	126.684843369793	339.86746265972835
31	41	64	42	103.45807254275446	298.50151448932775
31	42	72	47	110.97751048943559	315.45284052449006
31	43	72	46	106.375203449093	289.2575893182986
31	44	88	56	128.6065854637099	351.1756164052179
31	45	64	48	111.84893463969223	315.1246432878048
31	46	88	57	130.05995529892357	358.4759445305625
31	47	72	55	135.0861674304054	385.8096900914553
31	48	48	36	79.8410544297924	204.7475358696066
31	49	48	33	86.04643583328193	260.53187615081816
31	50	24	16	35.547465701841766	92.28380006089944
31	51	80	60	142.82328016009583	398.25886823731497
31	52	104	73	163.00946665828425	444.8802430630721
31	53	80	65	158.0480650799938	455.5997934278081
31	54	80	58	142.66877405804905	433.35487639015787
31	55	80	56	138.84647409100526	385.6595467214281
31	56	48	32	70.09079164027322	182.68738269047657
31	57	56	34	80.38170693513307	226.20578722706014
31	58	56	44	108.54473654498759	319.90517025247476
31	59	24	20	51.44792223932471	149.91156038802973
31	60	56	40	95.53627905104764	262.9117356207244
31	61	8	5	12.083554075790849	32.716924427210245
31	62	24	19	40.80131056158386	101.22051207379366
31	63	24	18	41.95579836502311	111.8773981105297
31	64	96	72	178.79386405952062	520.7344873692908
31	65	56	44	107.83911337011207	316.2913464015251
31	66	48	32	74.19192144277618	199.5561215238498
31	67	32	25	55.95283700251099	147.2235297803404
31	68	64	49	129.66376381973564	400.1026525778145
31	69	48	34	77.05759108430847	215.64441404194335
31	70	32	24	64.05339644275072	196.04286410300026
31	71	24	20	48.9279067514874	140.64904582685807
31	72	56	42	100.29172769397364	288.2515740422193
31	73	40	28	74.54859134957414	230.51608422677123
31	74	24	19	47.839843001363164	138.66042926026026
31	75	40	27	65.05340335306971	181.88757498194855
31	76	32	26	61.48418196329995	173.87474394669692
31	77	40	29	68.0794316074975	189.93911939306952
31	78	56	41	91.62024124726277	250.85078366477825
31	79	40	34	78.880652562881	209.86549175133317
31	81	24	18	43.76170316156234	125.57120725881666
31	82	48	40	91.37408381231617	247.7390743295786
31	83	48	40	96.56488070571174	273.34316625883594
31	84	32	25	60.634770593699244	169.82142522845868
31	85	40	29	77.61856676763848	237.15763598859098
31	86	32	26	68.16548452884449	199.86627137781105
31	87	56	47	111.96113520318154	330.2209121622998
31	88	32	25	69.70183924100114	215.3954538102971
31	89	40	32	82.04149052677164	242.67731078170078
31	90	24	15	36.70400787964275	106.24102203587356
31	92	40	30	78.88124467511433	236.38328096579937
31	93	32	29	72.09516186722162	221.25170126179003
31	94	40	32	76.76774908142143	220.0761352719266
31	95	16	13	37.29010067349252	119.63855348021055
31	96	32	26	65.87149950183408	188.0995568985162
31	97	24	17	43.81738366843552	132.12224012630153
31	98	24	18	46.571076212316264	142.52790394060034
31	99	40	32	79.86681830847213	221.67790637644526
31	100	8	8	16.909166862645463	43.665770309578576
31	101	16	15	36.49292139871474	104.11683345015408
31	102	24	19	51.964530075884205	167.95253945140965
31	103	32	25	63.335512997968536	190.43206480708875
31	104	16	15	38.24884761313086	113.45987940754046
31	105	24	20	48.488936920522384	135.39920240391757
31	106	24	20	53.19490839032531	176.87783467479935
31	107	8	7	17.06662983819342	49.55487077504013
31	108	24	19	50.72895086650388	155.45892091913632
31	109	8	6	13.753075664759589	40.88298429148095
31	110	16	14	38.502243434809756	120.1573404497357
31	111	16	12	34.30286892843628	115.72043585039077
31	112	16	15	36.010227510630564	108.79693611710445
31	113	32	27	62.70227948775656	176.67643312405872
31	114	56	42	113.58491193816954	344.38933772871746
31	115	24	18	46.70741552016946	145.84375893912284
31	116	8	8	21.628275049639353	65.39176871284481
31	117	8	7	17.766571749566484	54.77940921242485
31	118	48	39	105.31244012761233	332.47547233893187
31	119	40	28	68.67669756380275	198.72223521936647
31	120	24	21	51.654170777534794	150.65588432780552
31	121	32	28	71.24489662086933	216.9981456026548
31	122	24	19	49.34334064439396	152.31891356003044
31	123	8	8	19.097623934158477	54.50067933842239
31	124	16	14	36.725757963214654	117.01477802756352
31	125	40	34	88.23808632379425	261.99748807641265
31	126	24	19	53.268995335406935	171.2403996676933
31	127	8	6	18.201974996436697	61.831433406245466
31	129	16	15	38.147857151577604	114.29521175669689
31	130	16	11	30.879157987533794	98.15856364854376
31	131	32	28	73.99159368534572	224.12028436510167
31	132	16	13	35.63990842946962	116.60342113185067
31	134	56	47	116.71205641572215	341.7078847971318
31	135	8	7	18.397304426035515	56.80536239250066
31	136	16	13	35.733436161873605	114.39438916189073
31	137	16	15	36.423739706699735	106.45627883880701
31	138	16	13	34.090933388413774	104.1789718367991
31	139	24	21	54.831318970286745	167.2835372062455
31	140	32	27	69.58380922540663	216.0422811454888
31	141	8	7	18.04431120408827	54.175228259526385
31	142	16	15	39.54990856139967	119.28573026843873
31	143	8	7	19.01877666186418	62.317369034987586
31	144	16	16	38.450245627306515	112.58172344727879
31	145	24	22	60.059513006260275	201.55848124052042
31	148	8	7	18.233715261879944	55.53661592176326
31	149	8	7	18.719759462138114	59.10842528657281
31	150	16	15	37.4197471824184	107.90831698051964
31	151	8	8	18.970803460995818	58.91334302654448
31	152	40	33	89.5363872451262	290.77684785801574
31	154	16	16	41.76932313106029	125.67937201928902
31	155	8	6	16.9246432088419	53.128665253181495
31	158	8	8	21.170920753517223	69.11859238032739
31	159	16	14	37.65760590375944	121.50880314405055
31	160	16	14	37.833659891676014	121.71776979217904
31	162	8	8	19.14959924150011	56.72792664306737
31	164	16	15	41.02154966744807	134.15818421958357
31	166	8	7	20.184051516755567	68.5918320071498
31	167	16	16	38.79485198456928	113.23719942049325
31	168	16	15	38.16816093128105	115.3398653072309
31	169	8	8	19.29106237263269	57.38642295838699
31	170	16	14	37.80794250376764	121.64498308030848
31	171	8	8	21.76098811530181	72.85214056264758
31	172	8	8	21.778604591980503	68.37688235230874
31	174	24	23	63.97951034040335	201.19923591110768
31	175	16	16	38.08563879163812	115.39300616726578
31	176	16	16	44.96288824706011	145.69895677549223
31	177	8	7	15.32210020868909	41.44969004586465
31	178	8	8	22.110632241538077	71.80660004380564
31	180	8	6	16.71621062443234	55.99015884715705
31	181	8	8	21.44250287294537	72.15294846887838
31	182	8	8	20.12517428049343	66.06935882381644
31	184	8	7	19.733948245189247	64.9245396747946
31	185	16	14	38.144708396134575	126.82779213063657
31	186	16	15	40.71146063924893	129.05288612467086
31	187	16	12	34.12695331528111	108.12335804442449
31	188	16	15	35.606379876441665	106.05907290507322
31	189	8	7	12.512488645803789	27.22238793782047
31	191	8	7	19.527462054557716	61.25501700433569
31	192	8	7	18.560752123851245	57.63752350850626
31	193	8	7	20.622301750780153	68.60909317220202
31	194	16	14	36.46567962440618	110.5123079471866
31	195	16	15	40.12266351272471	128.00176642797624
31	199	8	7	17.048543356677676	51.23491754766902
31	200	32	29	80.08541748055188	257.58009599681054
31	202	8	8	21.35631426345464	66.27512582278982
31	204	16	15	39.70352185984615	132.32896501246626
31	206	8	8	22.58494864031197	73.59567088580175
31	209	8	8	18.894583252249113	55.911082733459665
31	212	8	7	19.14060799120499	61.81865712173844
31	213	16	15	43.94756954027441	147.86889574093388
31	214	8	8	20.742998611197162	62.79007796581922
31	216	8	7	21.638518189979443	76.89159096011306
31	217	8	8	20.647876185070132	63.09559956898629
31	219	8	7	20.268356676169887	71.59404418814158
31	221	8	7	20.812559842014082	68.33757809531386
31	223	8	8	20.9631807838429	67.89913449513865
31	224	16	16	41.24730621420093	128.77540235890345
31	225	8	8	22.412428749666486	77.96976125735671
31	227	8	7	19.85274640365498	71.91905336498952
31	228	24	24	66.36825715588742	211.80113184618148
31	230	8	8	21.830738663648198	70.96520796916602
31	233	8	8	20.818276199515044	67.24387846009606
31	234	16	13	41.3688717179675	143.80684095111087
31	238	8	7	18.811405879393497	61.65640552652276
31	240	24	22	58.029302119459985	194.64134691403132
31	243	8	7	19.387383100036175	63.748403163412206
31	245	8	6	18.591461165617496	70.00680253995955
31	246	8	7	20.639563267870415	69.91578613462639
31	248	16	14	38.37171922681857	131.40859087072943
31	252	8	8	21.477388304298216	72.4334544593959
31	253	8	7	20.196012821460855	72.47628418847022
31	256	8	7	20.54115640902579	72.05101903986093
31	261	16	16	44.01278009898101	145.03518185347508
31	263	8	8	21.195582698918027	69.02233097266624
31	265	8	7	19.23740715650272	63.01375097870863
31	266	8	8	19.546642715652688	60.710923302703
31	269	8	7	19.505118828287475	67.72988225225019
31	270	8	7	19.923978125823428	65.29857586125821
31	272	8	8	20.420958853285246	69.00731887608363
31	273	8	6	17.369866747841776	58.61455658432837
31	275	8	8	21.046802235256422	67.01696292374923
31	277	24	22	64.10456971809306	221.73921096896436
31	278	8	8	24.63496810338027	84.94767528516462
31	280	8	6	18.805827699666256	63.46999461865751
31	282	8	6	17.71349142335459	57.906896214655404
31	283	8	7	19.307747823679353	60.212457370719804
31	284	16	14	39.42294132484709	134.11047970893569
31	286	16	16	44.852444705835126	154.86064931224357
31	287	16	15	41.33908743342342	136.87825198611546
31	292	8	8	23.40506232858157	79.53506981326768
31	294	8	8	22.819184573274804	73.33698452164136
31	297	8	7	22.073358869004146	77.96716235623012
31	298	8	6	18.225480166571934	61.202649278916546
31	300	8	7	17.161312757486865	55.626567251711265
31	302	8	8	21.161707405887284	69.97848964095876
31	310	8	8	21.754124981331383	72.51313776001678
31	315	8	7	19.273289951301354	60.42605372312637
31	316	8	8	22.939851221442268	77.82652386770663
31	317	16	14	41.1404337349222	136.3423672213786
31	319	16	16	46.43028306218349	163.03620419222295
31	320	8	8	20.69363800844002	67.03830833229613
31	322	8	8	21.109118425411594	65.94570062964824
31	323	8	7	21.076494867503275	75.21581886061914
31	324	8	8	21.6294198963358	71.62286099914719
31	325	8	8	21.69508226099101	67.0570122155256
31	332	8	7	18.43521934706871	61.9380699080653
31	340	8	8	20.63168195212125	65.77093426805617
31	345	8	8	21.536034422214748	71.1280635739282
31	346	8	7	20.856740394128867	73.66404223499396
31	348	16	15	44.691516617653974	152.99515194857898
31	358	8	8	21.032550905404616	68.41162719740703
31	360	8	8	26.77378862383907	102.63850955591852
31	361	8	8	21.58575800353532	78.41348357745986
31	363	8	8	21.887285169165363	73.69677764516129
31	365	8	7	21.72376397410643	75.94931404256738
31	370	8	8	22.503945109309626	75.19121682895054
31	374	8	8	20.98580662763777	69.59660591534835
31	377	16	16	44.16361748708097	147.11875016970973
31	384	8	7	22.18589551571367	77.51767857145916
31	386	8	8	24.764079320781526	85.70959075124212
31	387	8	8	23.384923036202686	85.4008916095688
31	391	8	7	23.33974404555424	86.25741134989028
31	393	8	8	24.388619027174123	93.430875202655
31	396	8	8	23.012830064168405	79.71562129712245
31	406	8	8	23.55497471631	81.73755168294471
31	409	8	8	22.55464317296513	76.46153655507594
31	414	8	8	21.254435813850986	70.58564635032485
31	416	8	8	23.432670532667906	85.65517803361597
31	419	8	8	22.460087273217113	77.18538816326685
31	422	8	8	23.69176012710703	88.05918848959124
31	429	8	8	23.02586394296949	81.68763218965233
31	431	8	8	24.20574491623329	83.95708260757468
31	432	8	8	24.16563980711055	85.52331789366872
31	433	8	8	22.16198710199382	73.27663270791825
31	440	8	8	22.470995665534026	75.85909617664348
31	443	8	8	22.102544486434827	73.56037770094063
31	447	8	7	21.949387010388016	78.90769426788188
31	451	8	8	24.675679271029466	88.89504685542428
31	453	8	8	27.203311412180184	102.99411655377938
31	461	24	23	70.35052953827518	256.0293770029359
31	463	8	8	24.76277451268566	92.21748644650428
31	465	8	8	26.12171154076949	95.71673162339091
31	468	8	7	22.78800178883138	81.66586956593942
31	474	8	7	21.625120281434505	75.45026543457813
31	481	8	8	26.624009895730786	108.20663966530901
31	486	16	16	48.893436784519864	172.70820872009904
31	490	8	8	24.386987038007316	87.44235154981423
31	496	8	7	22.260913909322184	82.66484872332285
31	498	8	8	23.750965762728946	89.76164146553027
31	499	8	7	22.73967898906777	85.67596854971583
31	501	8	8	23.358719739672757	85.33946018882119
31	504	8	8	24.08793883562916	86.50192947395297
31	507	8	8	23.08691151055386	81.42931918847327
31	516	8	7	23.5197073620433	83.82268278171811
31	529	8	8	24.44706823047533	88.04246858357786
31	546	8	8	23.686109235186592	83.86404433551738
31	551	8	7	21.083539302949347	72.41066640232624
31	556	8	8	23.297923320109277	76.5601741428869
31	561	8	8	24.456164562664497	93.93385553981287
31	563	8	8	25.85328045527278	96.79337813118903
31	570	8	7	24.260684017654988	92.94439919922468
31	579	8	8	25.798927515691283	95.2758273677263
31	584	8	8	27.51562235068872	109.61516174004839
31	585	8	8	23.037410000834065	83.14738371626402
31	591	16	16	50.24944275458738	187.75615114691215
31	619	8	8	25.360443035238763	92.13441459669247
31	625	8	8	25.75731098146012	93.0821229227949
31	648	8	8	24.63033685748598	87.98536167531365
31	652	16	16	51.585486648013045	195.86250386444547
31	712	8	8	26.823431897343664	103.77187513879169
31	736	8	8	23.992294419506305	89.0655689096937
31	749	8	8	26.82845134295422	102.06477278168416
31	781	8	8	27.937333486210008	115.98013315954957
31	815	8	8	28.23654446258525	112.0534316965535
31	856	8	8	26.013733389969392	103.66547616445226
31	865	8	8	26.920530475723528	107.39872867590326
31	866	8	8	27.30788826992476	105.63536587801138
31	872	8	8	26.232092524444298	97.5222733182875
31	932	8	8	27.879843145728685	110.48469812859081
32	0	165	0	0.0	0.0
32	1	8615	425	1390.6198448897733	4917.4607676153255
32	2	3845	315	901.085528233808	2823.112688941013
32	3	2335	266	713.9950263911699	2125.141417283232
32	4	1615	242	630.0873621595863	1841.4714273896802
32	5	1220	237	602.0018293231608	1718.5834605048676
32	6	810	188	469.60701508665164	1343.4083460338402
32	7	720	189	473.18879206487	1335.7259263335613
32	8	575	169	428.4077761743222	1237.5451316420026
32	9	565	167	382.72656187124835	1021.5528244740071
32	10	505	182	413.33541263419056	1094.1755864542342
32	11	420	148	363.6031167771404	1026.8694022014226
32	12	345	116	253.80394241104295	635.5280895930294
32	13	255	93	224.99007458507853	613.6687911943111
32	14	265	96	221.91824376182785	586.6379759024811
32	15	245	103	244.50878296646832	655.1984539099877
32	16	235	113	253.0386753765178	664.4791480300416
32	17	125	63	141.06419136523502	361.4866278033558
32	18	215	121	282.97503653232053	758.2877319491802
32	19	170	75	162.56191049382647	408.7293130129596
32	20	200	115	254.0170069195028	639.4532408082151
32	21	185	88	201.5156885457301	527.2340501980091
32	22	135	70	161.54890700350933	439.2554678896856
32	23	100	53	121.42931388102002	318.61155102747455
32	24	95	59	132.19226887688973	336.442728806985
32	25	140	86	183.57552684800692	451.42211715623796
32	26	125	88	200.3287489178663	513.6258505476042
32	27	90	54	117.75792955002744	310.347278092687
32	28	125	88	196.90656198601593	496.07258131687865
32	29	75	49	112.40938704578872	298.12893224548463
32	30	100	64	167.76123306754897	485.40459065114135
32	31	55	35	76.98070854594889	197.50720376875643
32	32	75	48	120.80926165746452	355.88398240119216
32	33	90	63	148.07857648831688	400.9971059710545
32	34	60	44	102.9227799631491	275.49766248741616
32	35	40	25	53.07186875593877	131.65707892307816
32	36	70	46	110.53619777131715	304.7268756378524
32	37	65	46	111.06598131997951	301.49137996559205
32	38	45	34	74.77372732659244	182.5830603539957
32	39	90	60	129.59786218260354	322.4845680720004
32	40	60	46	109.31159590537108	294.33104063886145
32	41	40	28	64.5187738692231	172.90395103397606
32	42	45	33	81.78924183978259	221.30006585256513
32	43	45	36	78.98065304037719	196.51786859096956
32	44	55	43	92.59506918809487	226.29241067943775
32	45	40	35	89.10888495465652	249.2039225522554
32	46	55	39	88.09826414251933	222.43532653416676
32	47	45	37	96.1339612631501	277.46420960068787
32	48	30	24	60.43026286717377	182.01852922978267
32	49	30	25	61.03784017201925	164.510238321345
32	50	15	10	25.12800584522362	78.82488751757023
32	51	50	42	90.20392005486751	221.68271815993256
32	52	65	52	132.35581405716513	388.3929650543281
32	53	50	42	110.65677264386055	319.44171841703997
32	54	50	38	92.97112054717387	255.54832591214506
32	55	50	40	97.80348720118273	269.2113984887082
32	56	30	23	53.118140717601584	143.32647673503
32	57	35	28	68.0436969849722	186.7015201436275
32	58	35	25	62.94347872371517	181.9676752116065
32	59	15	15	38.70216765433251	111.38988097530836
32	60	35	28	72.68545609644013	208.70635415178032
32	61	5	4	8.989075631588209	23.54085839134711
32	62	15	11	26.365430665008414	74.25799638818988
32	63	15	12	28.606944523087755	73.27336647957499
32	64	60	51	124.3716331400058	345.329143110585
32	65	35	32	84.14715819700125	250.11286653476802
32	66	30	26	67.7047510320664	195.61564167787367
32	67	20	16	38.36484303798313	102.43854786885876
32	68	40	35	96.53152547624562	296.49554734401437
32	69	30	26	71.7260759924703	219.10939542429634
32	70	20	19	48.01505593808381	134.6222363846249
32	71	15	14	29.056852298171375	74.33543393233599
32	72	35	32	72.33802850870234	192.9748671734165
32	73	25	23	63.23185578470879	193.84370475165835
32	74	15	14	31.68447982040216	80.88908628583212
32	75	25	20	46.61737737212158	119.10526060626293
32	76	20	16	40.93597192227424	115.82748828564519
32	77	25	20	55.6712679894102	168.02573993725423
32	78	35	28	73.83612828101933	221.31689425339192
32	79	25	22	56.81564453112263	168.533633509024
32	81	15	12	29.7333586695267	84.94561548296059
32	82	30	23	63.76058543461975	190.88798010841282
32	83	30	25	67.15097590785342	200.28403650545908
32	84	20	18	44.75850159957375	118.2986164767016
32	85	25	20	51.35340919829451	145.72454129701305
32	86	20	18	46.72930317740969	133.85719262006535
32	87	35	29	74.8829830028207	219.6130553793851
32	88	20	18	49.870367712165944	152.58994660568717
32	89	25	23	63.552632153340745	189.083434698635
32	90	15	14	35.45906766032371	111.78580339343509
32	92	25	23	61.641912726715326	184.62639399623814
32	93	20	20	53.67923379658322	157.8120606149687
32	94	25	22	61.00914108101943	186.3212409823679
32	95	10	9	25.571930451514834	74.96614621558658
32	96	20	18	49.116790168440566	149.9629043759458
32	97	15	13	36.821955475813134	114.35378289754857
32	98	15	14	38.92229600832647	114.36094622284762
32	99	25	22	62.71635110831607	193.92045435003087
32	100	5	5	13.019055675855236	37.34146087582434
32	101	10	9	25.08371394285861	76.98169208827166
32	102	15	14	41.91228886249341	130.97719865595752
32	103	20	18	46.07321787771405	131.90688986008178
32	104	10	10	29.38142760923882	90.76255843566382
32	105	15	13	34.515397978609315	101.69675569663131
32	106	15	12	33.697005963504026	105.28312394361184
32	107	5	5	15.119398072442404	46.35690394738198
32	108	15	14	37.9549787564819	113.93602193137801
32	109	5	5	12.176490326406704	31.39314220738713
32	110	10	10	27.31860199028057	77.83094253254984
32	111	10	9	23.314407565281435	68.48895375424621
32	112	10	9	26.901892640759712	82.8290123825573
32	113	20	19	47.9543984193094	132.7540112992185
32	114	35	33	93.67366180629439	290.629112691626
32	115	15	14	39.413176737255604	115.56565536172047
32	116	5	4	9.67463385773478	26.44865709057488
32	117	5	5	11.79681908303549	33.382847530205574
32	118	30	28	77.86657895591689	240.01977966208278
32	119	25	23	59.361109088683946	174.69133690877285
32	120	15	13	37.548426713347084	113.89080187108841
32	121	20	19	50.75941633169151	152.18296712178554
32	122	15	15	34.29734352993606	90.90210683448763
32	123	5	5	13.457872020825967	37.38143048736582
32	124	10	10	23.9651139716313	64.24445100519428
32	125	25	24	66.83453893983543	208.83544597219688
32	126	15	15	46.53729907276239	157.92545601984241
32	127	5	5	13.305223731753246	37.433509261226895
32	129	10	10	25.700041780908112	76.52507924133121
32	130	10	10	21.985131068324225	56.838350249226814
32	131	20	17	46.965687393074504	144.01935948992858
32	132	10	10	27.181121145320013	78.06214983035993
32	134	35	33	86.91650570517169	251.80140569461568
32	135	5	5	15.988285251004545	54.67003618699117
32	136	10	10	29.135986684318244	88.38561306236508
32	137	10	10	31.20893763661951	102.47336066719159
32	138	10	9	27.546250711303696	86.86834378129171
32	139	15	15	40.618965639670115	118.90736886323262
32	140	20	19	50.05501006349262	153.4426640526997
32	141	5	5	12.88545390748929	39.97201082516981
32	142	10	10	30.471257994636908	101.12068389502373
32	143	5	5	16.34740284544677	56.05749443758371
32	144	10	9	25.01954950539521	78.8250933872253
32	145	15	15	47.19491662773813	158.84358153886453
32	148	5	5	14.718243803280078	46.146335470514906
32	149	5	4	10.39451577817217	29.521913672489276
32	150	10	10	27.44658397013844	86.1909535570557
32	151	5	5	8.878177000719422	17.74446164803537
32	152	25	25	71.43072043741493	217.8131621119298
32	154	10	9	27.75017402414638	89.6192407806788
32	155	5	5	15.129915854521109	54.11252980649297
32	158	5	5	16.711262674638466	59.656081195703706
32	159	10	10	30.063698447149775	96.76470256490983
32	160	10	10	27.607780126865	82.13499263171084
32	162	5	5	15.650771026561273	50.28176149391925
32	164	10	10	29.06150296343755	88.97855704801454
32	166	5	5	15.303633053518372	49.36495678727877
32	167	10	10	28.704383402659126	90.50897091538137
32	168	10	9	28.455996564417127	95.51674208838168
32	169	5	5	10.698362434489109	29.11215004088578
32	170	10	10	31.740536755114704	107.16582671673524
32	171	5	5	13.982354858252009	45.03988229225483
32	172	5	5	15.405060726716776	50.92798535607867
32	174	15	15	44.46542790423279	147.64083581385574
32	175	10	10	31.235894259309898	101.34622259677991
32	176	10	9	29.27520896129743	101.35633272065479
32	177	5	5	12.526181675632147	39.65551744928446
32	178	5	5	14.57588710462462	45.31086745138524
32	180	5	5	12.326745281724397	33.68845122430827
32	181	5	5	16.057776029633377	53.79435872258462
32	182	5	4	12.76425271100981	44.26209591498424
32	184	5	5	15.44362667126956	56.20268729730031
32	185	10	10	27.1806735358732	87.77460893528847
32	186	10	10	32.12256924533027	108.26139117636173
32	187	10	10	30.784761504106875	97.47008663210023
32	188	10	9	28.527150810319966	93.35945229685804
32	189	5	5	11.253621597954627	33.41191181176488
32	191	5	5	16.320346597397815	56.226781991318944
32	192	5	5	15.043622456579222	54.00848439010537
32	193	5	5	16.374563112146006	55.63638353673609
32	194	10	10	26.902952867956607	87.91413328587747
32	195	10	10	30.98776379976448	100.42130246775797
32	199	5	5	15.281362109489208	49.00666774261538
32	200	20	20	60.45086292953555	199.19724712419588
32	202	5	5	16.331662068938584	55.92700673287581
32	204	10	10	31.985967330740888	106.28281530289854
32	206	5	5	14.405490769091019	49.20919427195146
32	209	5	5	13.175837246975004	41.39297606295354
32	212	5	5	14.650792551955565	46.42983270234913
32	213	10	10	29.95706407666377	99.68394124372237
32	214	5	5	14.807873616377186	48.3168392109172
32	216	5	5	12.471027876944909	34.50771065724241
32	217	5	5	14.261834026822498	43.04091876579715
32	219	5	5	15.70354779298799	51.60100274888821
32	221	5	5	16.94842033559535	58.09767097191138
32	223	5	5	17.134306249607228	59.10744424889954
32	224	10	9	28.244757337887613	98.76758812817573
32	225	5	5	16.261746816652483	56.47776053586979
32	227	5	5	16.436750284003384	54.65051896328157
32	228	15	15	51.90050492533377	186.15098250723202
32	230	5	5	17.157273118854736	59.703019110857085
32	233	5	5	17.32220152977278	63.2307651250875
32	234	10	10	30.960574812536713	98.6538797979914
32	238	5	5	15.602454682291373	49.67246417229159
32	240	15	15	50.96425668230707	183.6471276078566
32	243	5	5	15.270441977449465	49.870924367661445
32	245	5	5	16.011031843822057	54.45547463907832
32	246	5	5	16.734062821943297	60.977330218045935
32	248	10	10	33.32888351713301	116.74327862764726
32	252	5	5	17.76080626850689	64.69600693008483
32	253	5	5	15.118450114377744	47.48155787060063
32	256	5	5	16.30130950920223	54.81225055064486
32	261	10	10	36.06810408550139	132.44391816543725
32	263	5	5	14.04220627249283	48.34895074149415
32	265	5	5	15.412643701133893	49.151932716145424
32	266	5	5	16.415205262253135	55.2958480374916
32	269	5	5	14.258437788147821	44.45654532476584
32	270	5	5	16.49410604821893	56.94938389678789
32	272	5	5	16.61668024578053	58.738651305370766
32	273	5	5	13.427942123887469	39.97873473322028
32	275	5	5	17.95495426705078	68.0467957978516
32	277	15	15	51.97262794575319	184.99246485855537
32	278	5	5	16.639137133053055	58.80206923818912
32	280	5	5	15.968209549275072	55.574680174207415
32	282	5	5	16.953182097463458	59.82541471463672
32	283	5	5	16.026717228131034	55.15093548239904
32	284	10	10	33.72492766168813	120.75180754992837
32	286	10	10	34.64692740100694	124.45249142907522
32	287	10	10	30.284217559867123	98.0816890961313
32	292	5	5	18.914982271738097	72.72270606485247
32	294	5	5	16.232482250529607	55.734177903155526
32	297	5	5	17.608321293472965	64.16170444562182
32	298	5	5	16.99832622534315	59.928698624436734
32	300	5	5	16.473935362562287	56.67235017840683
32	302	5	5	17.033745836987137	59.583085430119425
32	310	5	5	14.218978675201832	44.50036061260127
32	315	5	5	15.820412339422077	52.17156014897808
32	316	5	5	15.248029565912338	49.42702042211369
32	317	10	10	33.87083676104465	123.74710298421964
32	319	10	10	33.28945329836539	117.30715033571924
32	320	5	5	17.138386551034504	62.72509994776494
32	322	5	5	16.387352401666885	57.973513794708374
32	323	5	5	16.943926822305794	59.56162269785424
32	324	5	5	16.913032490945227	58.62551870495029
32	325	5	5	16.388416323784632	59.35880577788063
32	332	5	5	16.76098434504936	57.867090083826994
32	340	5	5	16.350160630548366	58.52577224290643
32	345	5	5	17.248514398178134	62.03788681097761
32	346	5	5	18.515822123456964	69.5071616091521
32	348	10	10	33.81282554012367	118.10161697503688
32	358	5	5	16.9026386235382	59.50292331424967
32	360	5	5	17.936731353993167	66.61405409670976
32	361	5	5	17.91072321363363	65.92142538722908
32	363	5	5	15.677737267131242	54.455653526822466
32	365	5	5	17.939992786792747	65.14972961058065
32	370	5	5	17.86420912101438	65.39047900465833
32	374	5	5	16.504310121498165	58.19022233885589
32	377	10	10	35.04055631808149	128.90308592805405
32	384	5	5	18.71956499574891	71.1408891773849
32	386	5	5	19.11291521384667	73.14963479678894
32	387	5	5	18.048172883104343	67.37647393629842
32	391	5	5	19.02607865649455	72.82230283505098
32	393	5	5	17.279267417784705	63.095902625479496
32	396	5	5	17.283620249273426	59.87793932900419
32	406	5	5	16.771499220540047	57.45935379096384
32	409	5	5	18.322989737164992	69.45629169924013
32	414	5	5	17.611532945008225	64.75130017291124
32	416	5	5	17.508428663465033	63.07943032965805
32	419	5	5	18.194651617777723	68.8075604175347
32	422	5	5	16.795087215565434	58.13090951292719
32	429	5	5	18.006922725933336	66.6450112036674
32	431	5	5	18.485013951633334	70.7981620823925
32	432	5	5	19.852424819870603	79.23881603757997
32	433	5	5	18.726533965316463	72.02249074732138
32	440	5	5	17.80261013583194	65.01938162797039
32	443	5	5	17.20028719728062	60.23358215250988
32	447	5	5	17.35224280003854	63.53175924493863
32	451	5	5	19.127581052236327	73.86068801682656
32	453	5	5	17.135650965212236	61.36535738573876
32	461	15	15	54.07867850065008	200.63298401678895
32	463	5	5	19.090142097924222	74.20451841040095
32	465	5	5	20.048942086610015	80.97115363913449
32	468	5	5	18.242804513554667	68.05891975696402
32	474	5	5	18.150974715392927	67.32287860935446
32	481	5	5	18.696353942879725	72.73255981404985
32	486	10	10	35.494597563625675	131.190845807346
32	490	5	5	17.57739520414117	65.87307285305408
32	496	5	5	17.506708786274977	64.24893777826793
32	498	5	5	19.606926625545093	78.62990572125814
32	499	5	5	19.026811803074974	73.4206052280682
32	501	5	5	19.281648833396652	75.38827800358386
32	504	5	5	18.8781904111723	73.05785195779238
32	507	5	5	19.33878585164124	75.49760369839335
32	516	5	5	17.508319079877683	63.58924947418054
32	529	5	5	19.42154303269276	75.82712544376815
32	546	5	5	18.65518569507669	71.53534963106853
32	551	5	5	17.014114645162742	62.00534286244931
32	556	5	5	18.568408349271866	70.29736837359633
32	561	5	5	18.63967427847306	71.50135610393247
32	563	5	5	18.303792916566707	68.55414258281414
32	570	5	5	18.774684298497707	72.43551111218443
32	579	5	5	19.176752067586598	74.83477446890916
32	584	5	5	18.504372729488214	71.0595613551258
32	585	5	5	19.40548673809657	76.66601159150315
32	591	10	10	38.30109558887831	149.52444310633928
32	619	5	5	20.176849650893548	82.8643133194607
32	625	5	5	19.812601471059445	79.41541309747272
32	648	5	5	19.392634285472397	76.80415290586667
32	652	10	10	40.15585591021153	163.6782498609074
32	712	5	5	17.71824905688795	66.90744919434121
32	736	5	5	19.07186896199186	74.63460038003755
32	749	5	5	19.3593830396527	76.32469486256933
32	781	5	5	20.186868564454745	82.27582044569361
32	815	5	5	20.666335054151713	86.44308739235797
32	856	5	5	20.843577689809884	88.1149967083922
32	865	5	5	20.7121531622605	87.127740690803
32	866	5	5	20.60907247686204	85.79557877168679
32	872	5	5	20.032737913075657	82.46534430646452
32	932	5	5	20.715159376494178	87.14847476060072
33	0	33	0	0.0	0.0
33	1	1723	42	149.15667034999177	551.3096946522876
33	2	769	31	94.62610256519687	302.54219306954155
33	3	467	36	102.69355486387377	314.38041058778504
33	4	323	27	73.63239702487681	215.30610954784305
33	5	244	28	70.87274221356047	193.70760253820936
33	6	162	24	62.543079839505396	175.74021834734066
33	7	144	26	69.76641870011998	209.05929051529102
33	8	115	20	54.6391774230038	161.4372576101308
33	9	113	11	26.135602786488423	68.41236473289322
33	10	101	19	42.35116060211322	102.45611853200786
33	11	84	18	48.61483214934018	145.35011506844674
33	12	69	13	28.583365405447758	70.38540598670953
33	13	51	12	26.16518079264003	60.69784889225164
33	14	53	12	27.586295172974875	68.88900166159213
33	15	49	15	36.2863814988246	97.63516958717551
33	16	47	15	35.08474147563057	93.25481897883633
33	17	25	11	26.30578903299521	66.99894788788177
33	18	43	19	42.42620241193363	107.33368977969756
33	19	34	11	25.023478177668597	63.67778452252472
33	20	40	24	51.79905036971594	125.08462541387058
33	21	37	16	38.8488383982929	108.81252562800213
33	22	27	11	25.550791018138117	64.48939329480493
33	23	20	10	24.65279462832467	67.38730449416863
33	24	19	9	19.824749324307717	49.951939933811204
33	25	28	13	29.105473896640188	78.70331813433128
33	26	25	15	29.923020616300462	66.48197426643311
33	27	18	8	14.713249897966751	29.716091081013722
33	28	25	11	24.49638455722122	63.01084752551152
33	29	15	8	22.246064132569657	65.87213263268154
33	30	20	15	28.790341697338306	62.2912091420903
33	31	11	4	11.361639485281213	32.5671217087214
33	32	15	11	20.316190092241186	44.776264042266554
33	33	18	13	25.52479740125833	58.18044471440772
33	34	12	4	4.978390551471697	6.2889924762661815
33	35	8	3	8.18263690431595	22.33887414722605
33	36	14	11	26.250104013003842	70.72202489202797
33	37	13	10	19.441746405385818	42.99490271545589
33	38	9	3	8.4740194090912	25.21463746060045
33	39	18	11	24.36639967175011	60.71421622713304
33	40	12	8	14.419779509627	31.66933628883336
33	41	8	5	9.215196288351331	18.954704684304684
33	42	9	5	9.76796316209023	22.529764234174877
33	43	9	6	14.167700573329974	37.95480123412024
33	44	11	9	22.265187956058938	68.93914259860573
33	45	8	5	9.36759907355875	18.485163463583795
33	46	11	11	24.4853621734007	62.44861915701487
33	47	9	7	16.573888562816183	44.05373231014473
33	48	6	4	10.257148093504124	29.8488049144744
33	49	6	4	8.204383339029267	17.609657681115962
33	50	3	1	1.0038179720029379	1.0076505209160909
33	51	10	9	15.296088215142149	31.758950841638423
33	52	13	7	16.47637012322735	49.57978743733888
33	53	10	10	25.987287578931515	74.5544683809459
33	54	10	7	13.933233322871738	35.311029427651306
33	55	10	9	14.773269679090662	28.831083717707102
33	56	6	2	6.303543501296319	20.176237550385693
33	57	7	7	16.39857081738823	46.09840769514265
33	58	7	5	9.875068484568056	22.353852022126794
33	59	3	2	5.512598027521669	16.273052531293438
33	60	7	4	8.778675928989358	21.922485625038238
33	61	1	0	0.0	0.0
33	62	3	3	8.456214023893637	24.80457679210672
33	63	3	2	3.9192598090981394	7.830355308265694
33	64	12	11	23.09746573292045	52.67711304437749
33	65	7	7	13.92196369642386	33.2857228581292
33	66	6	3	4.983134558929001	10.989942071125292
33	67	4	3	6.719218047430475	15.773256464646403
33	68	8	8	21.415037416078306	60.93807094851053
33	69	6	5	4.780942436124111	4.6092762882377105
33	70	4	4	10.4575853352767	34.24871189851715
33	71	3	2	4.0156201102799445	8.334259997188738
33	72	7	5	8.963719051318785	21.90702901450709
33	73	5	3	6.227860584077802	13.433158009852121
33	74	3	3	7.3662821266034	19.031191070995288
33	75	5	5	10.434203109963127	29.052016836115108
33	76	4	4	11.42379395101283	38.71050479877622
33	77	5	5	11.815265026372305	32.65078228477236
33	78	7	7	15.141435599859188	45.85079873327725
33	79	5	5	10.679268050060017	26.016451329460693
33	81	3	3	5.904553760504806	13.258009901231967
33	82	6	5	12.88106354086465	37.0186957411773
33	83	6	5	11.000440153426736	27.671309320140008
33	84	4	3	5.3993882634329005	10.083937420852163
33	85	5	5	13.725374136755088	42.56290296316869
33	86	4	4	8.282688407128418	19.546721001336167
33	87	7	5	9.401800873084985	20.818895753220914
33	88	4	4	8.98953882453543	25.709653339531755
33	89	5	4	9.957160305040803	25.00160153817424
33	90	3	3	2.5492664610941533	2.184783090626153
33	92	5	5	8.209234659214593	14.772559883696912
33	93	4	4	9.92760023216152	25.89209080262018
33	94	5	4	7.884653449273074	18.417142854450283
33	95	2	2	4.5563928633464	10.751381638193896
33	96	4	3	5.523382811848976	11.727998161434924
33	97	3	2	3.8048623457411255	9.804655337494255
33	98	3	3	4.418301283038764	7.2572720067072005
33	99	5	5	8.702481603610334	17.583173910167076
33	100	1	1	2.807751840568561	7.883470398216143
33	101	2	2	7.141170378891417	25.845110244524392
33	102	3	3	8.30250389210978	22.992461111332993
33	103	4	4	6.5732382510581475	12.483854983411572
33	104	2	2	6.143956175990509	19.42088920115407
33	105	3	3	8.813323349166662	27.15226510578736
33	106	3	2	5.037677901068668	12.88475123532618
33	107	1	1	4.307584253955815	18.555282104928075
33	108	3	3	5.7024025287669335	11.275951738344535
33	109	1	1	3.283601491104814	10.782038752385759
33	110	2	2	5.1044140743401725	13.262569732526025
33	111	2	2	6.908220445408677	24.348594435710787
33	112	2	1	3.654905497939748	13.358334198870196
33	113	4	4	9.880660422275666	24.856282591662787
33	114	7	7	16.703451020935127	43.43131836481048
33	115	3	3	5.796867417087189	15.434454121009818
33	116	1	1	2.373267638854172	5.632399285632457
33	117	1	1	2.610649633671881	6.815491509791127
33	118	6	6	16.318924802291438	49.262041685767656
33	119	5	5	11.837575680304692	30.77230624542067
33	120	3	2	7.040635930609264	25.00431035193172
33	121	4	3	5.462712341273261	13.318117207950122
33	122	3	2	5.225806650794526	17.312689739921385
33	123	1	1	2.523853191517318	6.369834932332151
33	124	2	2	5.757922279705094	16.693368758436627
33	125	5	5	9.115398859483744	25.24026333726579
33	126	3	3	8.989910658267945	27.495833400371982
33	127	1	1	3.041792199342947	9.252499783983604
33	129	2	2	6.253119494683212	19.882113913326165
33	130	2	2	2.044836990625307	2.326443771393909
33	131	4	4	9.054871537134758	23.88795730881695
33	132	2	2	5.226581568536562	13.736069453840948
33	134	7	7	19.364765039841856	59.8879716996552
33	135	1	1	2.0626859681644243	4.254673403262409
33	136	2	2	3.700678981591829	7.191307161151027
33	137	2	2	6.999690731830341	25.239065532968198
33	138	2	2	2.3571375384376685	2.903702886556984
33	139	3	3	7.129718275369792	20.591285426410217
33	140	4	4	11.42097831102968	32.63156471472604
33	141	1	0	0.0	0.0
33	142	2	2	6.696404169220296	22.499210856451768
33	143	1	1	2.5527778732149047	6.516674869975612
33	144	2	2	4.900485297034184	12.647132706581832
33	145	3	3	6.183038340596492	17.17371061848313
33	148	1	1	1.5871035054819922	2.518897537113228
33	149	1	1	1.2229114555785388	1.4955124281852203
33	150	2	2	5.3870519676262525	14.524384837454742
33	151	1	1	2.634768769688554	6.942006469726136
33	152	5	5	15.92670564709473	51.92643216408119
33	154	2	2	6.709166468800559	22.78347379602959
33	155	1	1	2.926079420798688	8.561940776821585
33	158	1	1	3.113137183337657	9.691623122279521
33	159	2	2	5.603286119336454	17.036514390163475
33	160	2	2	3.2572937093588408	6.810057692623207
33	162	1	1	2.093124757575708	4.381171250776366
33	164	2	2	5.854861284744015	17.145628713722722
33	166	1	1	2.797451257889721	7.825733540268781
33	167	2	2	5.006314584386554	13.339337413860486
33	168	2	2	2.98194102352472	4.6482887833737845
33	169	1	1	2.484678203049656	6.173625772710067
33	170	2	2	5.355675765039464	14.341646289169667
33	171	1	1	2.613680357286757	6.83132501006663
33	172	1	1	2.570372696551434	6.606815799177091
33	174	3	3	8.610113993507621	26.884812375540363
33	175	2	2	4.758245243395144	11.327535093591676
33	176	2	2	4.609737311085452	10.898627909810163
33	177	1	1	3.414004499524585	11.655426722774113
33	178	1	1	3.37702991004123	11.40433101331308
33	180	1	1	3.146833874792173	9.902563435539522
33	181	1	1	2.32130380074698	5.388451335362376
33	182	1	1	1.4928077022296788	2.2284748358362534
33	184	1	1	2.138490317112141	4.573140836382385
33	185	2	2	5.585413064021356	17.707682164192203
33	186	2	2	4.396054053025674	9.674546170297408
33	187	2	2	5.65609041140193	16.3049514335735
33	188	2	2	5.2799927854638025	14.110059948911005
33	189	1	1	2.2553530898334353	5.0866175598212235
33	191	1	1	3.781376745626999	14.298810092368635
33	192	1	1	1.1184322753061782	1.2508907544465546
33	193	1	1	1.7987837888704776	3.235623119103231
33	194	2	2	2.9262411918505764	4.282065423304958
33	195	2	2	5.931948957558358	17.748170663559783
33	199	1	1	1.434119843905801	2.056699726684399
33	200	4	4	7.295918676715722	15.188725470740343
33	202	1	1	2.145380455001007	4.602657296700327
33	204	2	2	4.348024847411595	9.821854562500926
33	206	1	1	3.590026033434512	12.888286920737535
33	209	1	1	2.5698634050416653	6.604197920572342
33	212	1	1	2.6895365925730434	7.233607082789417
33	213	2	2	3.5417924218997285	7.235313085967266
33	214	1	1	3.8649937767544884	14.938176894350924
33	216	1	1	2.175202764087122	4.731507064892257
33	217	1	1	2.8918537733684833	8.362818246545535
33	219	1	1	3.0913633375810274	9.55652728494011
33	221	1	1	2.039627392146254	4.160079898793329
33	223	1	1	2.425645323584485	5.88375523582728
33	224	2	2	3.9565616790376046	9.275376318555836
33	225	1	1	3.3134735958192674	10.979107270191466
33	227	1	1	2.7366453755448013	7.4892279114907465
33	228	3	3	8.553358225252131	24.66593082870364
33	230	1	1	3.610028482773954	13.032305646439216
33	233	1	1	1.0416931375281615	1.0851245927732651
33	234	2	2	5.702412161145244	16.322854366245025
33	238	1	1	2.7329747647329845	7.469151064667312
33	240	3	3	9.41034667371306	31.035826574121234
33	243	1	1	2.450218177324813	6.003569116492929
33	245	1	1	2.7639905589295317	7.639643809851585
33	246	1	1	3.1164548954578053	9.71229111542292
33	248	2	2	5.386198920147621	14.521372238581826
33	252	1	1	3.5282603227228324	12.448620904900226
33	253	1	1	2.3739734593428654	5.635749985664331
33	256	1	1	2.7773415315455816	7.713625982847957
33	261	2	2	6.864379897696265	23.573612485486038
33	263	1	1	2.8384207657043663	8.056632443181762
33	265	1	1	2.1316267222657372	4.54383248307737
33	266	1	1	3.0435160680154336	9.262990056268126
33	269	1	1	4.177330516343919	17.450090242778153
33	270	1	1	3.317536882851722	11.006050969081521
33	272	1	1	3.886935866572313	15.108270430846256
33	273	1	1	2.5483405971353714	6.494039799008261
33	275	1	1	3.177468727737925	10.09630751575247
33	277	3	3	7.8855245846570305	21.435843138274095
33	278	1	1	2.210426956239758	4.885987328871361
33	280	1	1	2.37152358528189	5.624124115548269
33	282	1	1	3.3241838047601173	11.05019796782945
33	283	1	1	3.413247196042452	11.650256421291662
33	284	2	2	4.880086884677324	12.194816148267233
33	286	2	2	6.320215173391654	20.057102887577813
33	287	2	2	6.702656212202937	22.69436005906717
33	292	1	1	4.2947323958751396	18.444726352179416
33	294	1	1	2.99841539174264	8.99049486143917
33	297	1	1	2.5214591538189652	6.357756264377453
33	298	1	1	3.2272192569122558	10.414944132185292
33	300	1	1	4.076450309745864	16.617447127827152
33	302	1	1	2.928507624944488	8.576156909358005
33	310	1	1	3.264174356498197	10.654834229620418
33	315	1	1	3.154716271553653	9.952234754005381
33	316	1	1	3.2413002932260055	10.506027590866989
33	317	2	2	7.178718133080961	26.502598119019193
33	319	2	2	5.269600427718446	14.14593901023187
33	320	1	1	3.057500564189045	9.348309700016328
33	322	1	1	3.644612923846488	13.283203364668847
33	323	1	1	2.786824982025334	7.766393480440504
33	324	1	1	2.270075160434531	5.153241234021861
33	325	1	1	1.289214407522529	1.6620737885636652
33	332	1	1	2.9630927566424763	8.779918684467109
33	340	1	1	2.9374306697720427	8.628498939717431
33	345	1	1	2.5368741030540547	6.4357302147463145
33	346	1	1	3.1992052750126834	10.23491439166898
33	348	2	2	4.102009010947864	8.42139586999235
33	358	1	1	2.8898033992822856	8.350963686503453
33	360	1	1	4.189252083278473	17.549833017253025
33	361	1	1	3.390997923869452	11.498866919686934
33	363	1	1	3.4573117564526785	11.953004581305905
33	365	1	1	3.0068437250285056	9.041109186743299
33	370	1	1	3.126548098540962	9.775303012490106
33	374	1	1	3.8658339333387044	14.944672000152998
33	377	2	2	6.911263271556303	23.974542526703384
33	384	1	1	3.571961307066051	12.758907579177013
33	386	1	1	3.7563126005279788	14.109884352885267
33	387	1	1	3.826071015997913	14.638819419459303
33	391	1	1	4.056725186122915	16.457019235724005
33	393	1	1	3.1036839293872442	9.632853933536644
33	396	1	1	3.5001659287777263	12.251161528976443
33	406	1	1	3.195123853628216	10.20881644002402
33	409	1	1	3.7195687335076073	13.835191563287387
33	414	1	1	3.6115445811394182	13.043254261557497
33	416	1	1	3.279680693722427	10.75630545277562
33	419	1	1	4.008415619288942	16.067395776959554
33	422	1	1	3.4782864437427996	12.098476584724931
33	429	1	1	2.614549143807291	6.835867225383439
33	431	1	1	3.687024782689455	13.594151748166224
33	432	1	1	4.02837419844144	16.227798682668713
33	433	1	1	3.494061554464494	12.208466146386838
33	440	1	1	2.3642877287466684	5.58985646430208
33	443	1	1	3.840306984811455	14.74795773759165
33	447	1	1	3.28491435851288	10.790662342764085
33	451	1	1	2.6349734116344794	6.943084880020647
33	453	1	1	2.402499230044784	5.772002550365779
33	461	3	3	10.826717310223078	39.30092852741723
33	463	1	1	3.583356884150767	12.840446559190694
33	465	1	1	3.843600894014254	14.773267832467173
33	468	1	1	3.8570746281691193	14.87702468726595
33	474	1	1	3.403907579542208	11.586586810064892
33	481	1	1	4.118424229447419	16.96141813369957
33	486	2	2	7.661777118520789	29.43113746420496
33	490	1	1	3.050048744772016	9.30279734548535
33	496	1	1	3.8912915686084197	15.142150071922975
33	498	1	1	3.993700370761769	15.94964265142269
33	499	1	1	3.5504197259857384	12.605480230668645
33	501	1	1	2.8142015233302367	7.9197302139142245
33	504	1	1	4.071102972531238	16.573879412952685
33	507	1	1	3.722617833029233	13.857883530787264
33	516	1	1	3.8071943919014632	14.494729137725953
33	529	1	1	3.72530982363067	13.877933282039175
33	546	1	1	3.935223117294718	15.485980982890759
33	551	1	1	3.9063496285477965	15.259567420455507
33	556	1	1	3.9144297930672383	15.322760604852421
33	561	1	1	3.2046138377022046	10.269549848792453
33	563	1	1	3.7319967892908323	13.927800035277082
33	570	1	1	3.4896609389996596	12.177733469179985
33	579	1	1	3.7896730842177555	14.361622085244516
33	584	1	1	3.5188182973972895	12.382082210097959
33	585	1	1	3.6202638706071086	13.106310492823164
33	591	2	2	7.287151150865739	26.605891901630642
33	619	1	1	4.076116048264685	16.614722038920917
33	625	1	1	4.024824006951224	16.199208286930908
33	648	1	1	3.9456906889862293	15.568475013152625
33	652	2	2	7.634840661251384	29.236004479046976
33	712	1	1	3.3912729474468004	11.500732204084509
33	736	1	1	3.7330879840485305	13.935945896647521
33	749	1	1	3.9945475557565455	15.956410175200592
33	781	1	1	3.7402176304854464	13.989227923394168
33	815	1	1	3.9669842754201405	15.736964241430657
33	856	1	1	4.258473103218545	18.134593170835785
33	865	1	1	4.235369619743342	17.938355815844865
33	866	1	1	3.8585447766057634	14.888367793071621
33	872	1	1	3.7051642496042185	13.728242116545191
33	932	1	1	4.206879258366618	17.697833094475264
34	0	132	0	0.0	0.0
34	1	6892	414	970.3924327978108	3050.5484848797446
34	2	3076	305	616.084383332435	1802.760121972754
34	3	1868	267	516.306935317072	1385.5492469430387
34	4	1292	247	430.89467623027963	1184.1897928375315
34	5	976	201	370.79361558260086	999.1146278522363
34	6	648	142	238.44715686560795	635.0747456860158
34	7	576	173	284.0251834539541	738.8323656818156
34	8	460	141	233.22380775178516	572.7300834221905
34	9	452	155	261.4561740391771	662.8299673223811
34	10	404	160	264.12145015568944	696.0820914794125
34	11	336	119	220.53785139227227	609.1039112005279
34	12	276	109	179.43679891913854	486.45727986504323
34	13	204	71	118.24078226305858	290.2903544328983
34	14	212	93	173.48671652059255	443.6918932647708
34	15	196	82	156.1139818644889	412.0399325984114
34	16	188	85	136.6368160412716	328.67493151719833
34	17	100	52	105.59338526020305	290.68951454550245
34	18	172	81	149.47109281256922	400.49509409508926
34	19	136	70	111.32363817856066	283.10974467877986
34	20	160	76	146.24375549020942	388.5109217198638
34	21	148	70	126.46952258303318	317.429386165914
34	22	108	53	120.38235436986469	347.52095051458235
34	23	80	42	83.4095675176145	210.4353604700073
34	24	76	37	68.98328696424772	178.64733155139788
34	25	112	58	115.4456410823583	305.5766286088655
34	26	100	56	116.6734111346383	315.6885399115118
34	27	72	42	78.27211490070643	200.61036485864773
34	28	100	61	110.9099532160603	278.84133875696944
34	29	60	28	64.26138402807591	176.6649605578307
34	30	80	49	111.82572769541414	327.5112712096706
34	31	44	25	46.8535049642521	133.60018704209716
34	32	60	31	55.749399958130276	138.4225654388949
34	33	72	42	85.06647275800842	233.79749394973
34	34	48	28	59.75135635259174	152.010633827851
34	35	32	16	30.853384388895858	79.68471167842418
34	36	56	31	69.57027579936701	183.57625993211633
34	37	52	33	66.4566613046033	174.2912563999813
34	38	36	20	42.1753435092467	110.02656197051049
34	39	72	41	75.7347692730268	172.0135863208286
34	40	48	30	63.22699437840973	163.17123671629346
34	41	32	19	39.0662768212836	96.92790264733716
34	42	36	22	45.420335611244084	123.97705719587205
34	43	36	22	48.416952312061156	124.00162594419615
34	44	44	30	68.19128934360118	186.7898227723544
34	45	32	21	51.802498070228296	147.1647559173378
34	46	44	28	52.75561278921214	132.2276983138432
34	47	36	23	59.88584533996605	174.46832983662023
34	48	24	16	34.430295407992844	89.79201597372463
34	49	24	15	36.817868083292595	108.85190864934063
34	50	12	8	19.046312542235114	49.13848537022082
34	51	40	28	71.45322064004093	218.30378496977926
34	52	52	34	81.35423515720277	230.90622062597163
34	53	40	25	62.580835386629154	181.36065694222827
34	54	40	25	60.48996004110817	181.15036925360704
34	55	40	26	59.4782219047308	161.02573496982893
34	56	24	16	39.163786641518335	109.37173334887295
34	57	28	19	43.79083049169527	113.9713013915051
34	58	28	20	48.26945745688444	126.12958564210997
34	59	12	9	29.345506785299442	97.55589526096998
34	60	28	19	50.871734795269255	145.0698761672022
34	61	4	2	2.644463242492842	4.694985881750847
34	62	12	8	13.972614948828962	30.389599839443097
34	63	12	8	22.036092249379028	64.51903481429113
34	64	48	31	77.13568680954282	220.16027893197028
34	65	28	19	50.987542179068896	150.21331402648843
34	66	24	15	39.37594094806276	112.87446165623916
34	67	16	12	33.1110665292467	101.09546855186858
34	68	32	20	51.98055213339512	145.78736031128582
34	69	24	16	39.19338132274565	118.23349365141418
34	70	16	12	33.52272024053987	100.76377767564642
34	71	12	9	18.060188591795733	43.53502236280151
34	72	28	17	45.60915114017066	134.03505716346632
34	73	20	13	35.324301013162255	108.9201839064906
34	74	12	8	22.82939840773622	73.11648119249115
34	75	20	12	34.022145998073995	119.95831099788035
34	76	16	12	32.36390200500962	91.8676817639228
34	77	20	14	36.90513952600276	102.58175952471004
34	78	28	20	51.832075430282096	149.21947086162018
34	79	20	14	38.27581586816303	109.05893857998969
34	81	12	9	22.869720301440772	62.84515467841513
34	82	24	16	44.686931932461945	134.10009296253907
34	83	24	17	47.26609692089834	142.7245217502727
34	84	16	12	29.604104826958732	84.32640165392029
34	85	20	13	30.448184128613008	79.99195125347981
34	86	16	12	34.81554712903934	113.5581981059373
34	87	28	20	53.60737541361914	157.3230945914725
34	88	16	12	33.17580381914397	99.86323170695624
34	89	20	13	35.926948271561216	113.68052425307829
34	90	12	8	19.808995111209345	51.9223881262849
34	92	20	13	32.25712426017664	87.0495796289452
34	93	16	12	33.02134071963749	99.2495412150811
34	94	20	14	41.03721521672828	129.1576921915659
34	95	8	6	17.86512158175386	55.97943024666435
34	96	16	11	27.979488753979822	82.48714963694874
34	97	12	8	23.93802603170036	74.67839957005272
34	98	12	9	22.768687835763224	68.98600482456203
34	99	20	14	35.32057991162882	98.603726596789
34	100	4	3	6.516080326273515	14.580707210930685
34	101	8	6	17.692591242635288	54.116577189878356
34	102	12	8	21.965097258947907	67.52059591626313
34	103	16	11	31.727001377837908	98.97346813010878
34	104	8	6	17.51650547526483	54.32500414442599
34	105	12	8	23.945702301281763	74.57425228462996
34	106	12	9	23.1720607047445	64.3940642321287
34	107	4	3	9.082555774205035	27.948582927588234
34	108	12	9	26.872075741179117	83.33703510894016
34	109	4	2	4.813069338458745	12.446220581249065
34	110	8	6	15.251622504172392	43.83379909990265
34	111	8	6	15.216936873281927	42.847261447379346
34	112	8	6	18.730385381995465	60.64575977229407
34	113	16	12	36.01652002231853	119.63007029940951
34	114	28	19	57.86952339620128	185.62533529384123
34	115	12	8	25.491681118774732	86.85685322930982
34	116	4	3	9.549749456781932	31.086662843093023
34	117	4	3	7.717988617342357	19.88610852736074
34	118	24	18	49.22866950062544	143.02154655898892
34	119	20	13	31.509360603734095	95.08704703494504
34	120	12	8	22.49930941006354	66.79969951050073
34	121	16	11	31.994256096933967	95.0611826029794
34	122	12	9	24.842010655653517	75.35855159046551
34	123	4	3	8.289408981623403	23.47369674146749
34	124	8	6	19.576717724961142	66.49482919481432
34	125	20	15	43.587811446774126	131.50196532892028
34	126	12	9	27.069362324737707	86.10290446943401
34	127	4	3	9.647567099989764	31.945779367565947
34	129	8	6	16.699443741539035	51.07926855617764
34	130	8	6	18.095315018586057	60.55478838909235
34	131	16	12	33.79431728873764	100.2643541657576
34	132	8	6	17.90605203545065	57.507297676672486
34	134	28	20	54.43129376328291	154.59618413152882
34	135	4	3	7.970778654035106	22.21057026286759
34	136	8	6	19.681942960276174	67.89580426919885
34	137	8	5	13.29555187101791	40.32644604032513
34	138	8	6	17.142183503013353	51.121910210991906
34	139	12	9	25.2046165098267	74.85652064886612
34	140	16	12	37.437966094642526	122.14327483169163
34	141	4	3	8.5103391059259	24.445843018165437
34	142	8	6	20.488707933265108	70.32495001307271
34	143	4	3	9.380776808012609	30.89112764230378
34	144	8	6	17.646320016943797	53.88194972869765
34	145	12	9	27.8886212378035	91.5931173688536
34	148	4	3	12.097008227878847	50.478964180052785
34	149	4	3	7.730144485555655	21.242468316912678
34	150	8	6	19.696618688026668	65.7447163430696
34	151	4	3	6.491464256741462	15.335039784617166
34	152	20	15	45.955100015989004	146.16613170700327
34	154	8	6	13.466574249277386	34.52240020069347
34	155	4	3	10.175437767192411	35.85821353591788
34	158	4	3	9.986069789541839	33.806685563257716
34	159	8	6	19.654185146796294	66.26516330262862
34	160	8	6	18.959041816935077	60.91969244241645
34	162	4	3	8.712345729885673	26.23705738447295
34	164	8	6	19.829979902068274	66.95081701881008
34	166	4	3	10.474924299492034	36.6024906694802
34	167	8	6	18.217929606020213	56.27339113429105
34	168	8	6	19.012474025664872	61.3220466038696
34	169	4	3	8.690946827618056	25.30195646621838
34	170	8	6	18.74506962295377	60.15086482695156
34	171	4	3	9.730799459100584	32.35642720906673
34	172	4	3	8.638724466964275	25.021755033831653
34	174	12	9	28.086155556440882	91.78961311844323
34	175	8	6	19.75535389975616	66.02491048976063
34	176	8	6	19.62884454395502	65.55369600977724
34	177	4	3	6.38875899135532	17.14435634363035
34	178	4	3	10.151333795042108	34.87579022715958
34	180	4	3	8.828834694056571	26.8530464824803
34	181	4	3	9.346821889401314	30.04238783791883
34	182	4	3	9.609531302379867	31.163528685107874
34	184	4	2	6.465146404729788	21.43041071168726
34	185	8	6	19.178452541239572	62.9565560913343
34	186	8	6	18.31359981501128	59.40358409904118
34	187	8	6	20.50327200397102	76.27021473061184
34	188	8	6	16.40847057808706	46.92454772196716
34	189	4	3	6.324621823632586	15.876601426817901
34	191	4	3	10.180852012452013	35.52463338609327
34	192	4	3	10.623069714960087	40.96473852193968
34	193	4	3	10.192503216313096	35.23686217027942
34	194	8	6	16.452221473639742	49.85192697923608
34	195	8	6	19.594099734282366	65.62164133809804
34	199	4	3	9.121533094427795	28.664859602598636
34	200	16	12	36.28776626701095	111.92385896900598
34	202	4	3	11.589576780850386	46.14866159824763
34	204	8	6	18.557962290811368	65.35816398774293
34	206	4	3	9.838579239726487	32.64851674964861
34	209	4	3	9.630358476390418	32.359051344024834
34	212	4	3	8.96469515432285	27.925852324888666
34	213	8	6	17.765007647684854	55.01525646965201
34	214	4	3	8.426957887277323	24.294684131333113
34	216	4	3	10.108154319797181	34.9111517304418
34	217	4	3	9.391376005137348	29.48794673199484
34	219	4	3	11.409212514234849	45.70416976721542
34	221	4	3	11.399295798796977	43.673686823297516
34	223	4	3	11.068744263261756	41.5934320225487
34	224	8	6	18.55162993176048	58.94349443519178
34	225	4	3	10.704828314686537	38.78359528055811
34	227	4	3	9.887950905227765	32.97614499231024
34	228	12	9	33.131699246636	125.254710458966
34	230	4	3	10.382952802063828	37.735352677244364
34	233	4	3	10.50806188646295	36.95879196970794
34	234	8	6	20.6744459023744	72.56150527837093
34	238	4	3	8.232874008941756	23.24977446251045
34	240	12	9	30.977983901618906	110.32396568646601
34	243	4	3	10.303652620501964	36.82180264156225
34	245	4	3	9.855900935949585	32.95211161065441
34	246	4	3	11.168270300939028	43.12296168665813
34	248	8	6	18.960072907860653	63.47052665712383
34	252	4	3	10.4976280517768	38.098021590173275
34	253	4	3	11.330445152056928	44.11798847442263
34	256	4	3	10.444690416153707	36.87383997785727
34	261	8	6	21.901538300925367	82.58405251602314
34	263	4	3	10.964885992337903	41.12686718231367
34	265	4	3	9.758153354413967	32.37670182369564
34	266	4	3	9.572553433576996	31.111011566964056
34	269	4	3	7.78910159532326	21.824696386497422
34	270	4	3	9.945198960406543	33.48033519899054
34	272	4	3	9.542756431911746	32.98720429342167
34	273	4	3	11.385626259076956	45.42613616290291
34	275	4	3	10.254384113289953	35.053519761054254
34	277	12	9	31.670661693701746	117.5313966499597
34	278	4	3	11.246551721259888	42.50166108563394
34	280	4	3	9.82053512913425	32.50584177444989
34	282	4	3	11.432277587764073	45.24826702819409
34	283	4	3	10.497746887381357	37.12688328078633
34	284	8	6	21.03031405782373	75.77360433928735
34	286	8	6	20.747898498832857	74.75186194752392
34	287	8	6	19.681204835415038	66.60691194494109
34	292	4	3	10.82979842614078	39.58923347697195
34	294	4	3	11.021487562982719	40.669973951205144
34	297	4	3	12.198489712599567	50.75343400532549
34	298	4	3	9.449557361915346	33.410095594216486
34	300	4	3	7.682823354510836	22.62751818119064
34	302	4	3	10.88886941737645	40.32329686449905
34	310	4	3	11.46932469205206	44.56085731213387
34	315	4	3	10.79363599290399	39.69734341975244
34	316	4	3	11.465571203785032	45.56911314463625
34	317	8	6	21.219745695866944	76.853155567497
34	319	8	6	22.07886100279054	83.27764317286378
34	320	4	3	10.93540201872003	40.2666686238077
34	322	4	3	11.003149396291477	40.63176141069093
34	323	4	3	10.775191606053347	39.4758649457442
34	324	4	3	10.588141621599178	37.43124276621866
34	325	4	3	10.67287577723898	38.569700337939366
34	332	4	3	11.524832028502871	45.818044211988884
34	340	4	3	9.51365873613361	32.03802921560801
34	345	4	3	11.399363095621542	43.59859002229129
34	346	4	3	9.862158116372541	33.388830386777855
34	348	8	6	20.465826594008664	71.42589508575244
34	358	4	3	10.11054920167754	34.602406991883775
34	360	4	3	12.506443716581234	53.90512817300447
34	361	4	3	10.810221988890078	39.06999344308558
34	363	4	3	11.649746342247798	45.720248539356675
34	365	4	3	10.714031888033155	38.80079207514012
34	370	4	3	10.804491355826242	39.36601743241119
34	374	4	3	11.364870184495866	43.3683772433754
34	377	8	6	21.797390455510563	80.44336143402347
34	384	4	3	11.233920224717329	42.3350442536218
34	386	4	3	11.460521334347764	44.819026819392775
34	387	4	3	12.255629892496994	51.95033352326743
34	391	4	3	11.633308207982518	46.43544835458341
34	393	4	3	11.423985571478909	44.38215626606055
34	396	4	3	11.155539482795707	42.02569034108414
34	406	4	3	11.378636668848102	43.491935254038324
34	409	4	3	11.569862556461743	46.67958536271553
34	414	4	3	11.585730134131895	44.9168216580334
34	416	4	3	10.735840487175013	38.74218974901965
34	419	4	3	9.853184896061146	33.06962909214797
34	422	4	3	10.486283726960142	37.24150417218189
34	429	4	3	11.004376821446424	40.88395877397396
34	431	4	3	10.764721564784855	39.81872817044475
34	432	4	3	11.555496573771574	45.00299043244692
34	433	4	3	12.37924547230245	52.35110853891754
34	440	4	3	10.814882997570086	39.82468043862642
34	443	4	3	10.824335409144622	39.459830690551094
34	447	4	3	10.18771981448629	35.05101627462946
34	451	4	3	11.165224221976812	42.288934137591355
34	453	4	3	10.650577646625429	38.263123293634074
34	461	12	9	32.98553230451846	123.69075240183071
34	463	4	3	11.77216554459885	46.884493004814075
34	465	4	3	10.690846385569234	39.07308018018289
34	468	4	3	10.345791201989048	36.247973584209674
34	474	4	3	10.989831991536057	41.971276548230634
34	481	4	3	11.374229788419076	43.60392371433539
34	486	8	6	23.58710323254218	94.9957842537614
34	490	4	3	11.511831257417182	44.9133861398568
34	496	4	3	10.57936904023687	37.98340500441724
34	498	4	3	12.29074537766698	51.419716509577036
34	499	4	3	11.018668749606997	40.93763405753085
34	501	4	3	11.383112537231476	43.391333842255776
34	504	4	3	11.57626324111433	45.351129656340646
34	507	4	3	12.342960272113299	52.131057168789454
34	516	4	3	11.019770120533282	41.27537270917127
34	529	4	3	10.85244996717799	40.1544081862276
34	546	4	3	12.392999994664564	52.184332810328286
34	551	4	3	11.087867756519895	41.56219050053112
34	556	4	3	12.130471605845937	50.220167344779625
34	561	4	3	11.676147305758324	45.78287874109219
34	563	4	3	10.443038412644835	36.95964347504746
34	570	4	3	12.676783063235215	54.573005260446095
34	579	4	3	10.998685271841136	41.073447642189656
34	584	4	3	11.587154352534853	44.9723501643259
34	585	4	3	12.690737851790406	55.13946256463362
34	591	8	6	22.734756730697345	87.55278954865632
34	619	4	3	12.473206243295376	53.13764658521581
34	625	4	3	12.967399719521119	57.051083930222916
34	648	4	3	12.213355559592966	50.62372261257893
34	652	8	6	23.3087833830551	93.01569273326446
34	712	4	3	12.691679064648804	54.509889227995274
34	736	4	3	11.610077669600663	46.23547479344708
34	749	4	3	12.469508655112925	52.9771075931921
34	781	4	3	12.859244514324681	56.398313948057876
34	815	4	3	13.121365380722217	58.747051586412766
34	856	4	3	13.16106543397908	58.89597375114383
34	865	4	3	12.782642921034757	55.70722786484693
34	866	4	3	13.217418462867105	59.45490057030616
34	872	4	3	13.185704023382462	59.01109808848614
34	932	4	3	12.680217897821041	54.53878988994536
36	0	132	0	0.0	0.0
36	1	6892	390	1009.3949582740638	3251.730957968958
36	2	3076	255	563.7756523555079	1603.4368937101342
36	3	1868	241	538.0450768812011	1535.6845611364665
36	4	1292	233	485.7675782448137	1338.2741750018909
36	5	976	212	426.19386961503335	1121.7006222596965
36	6	648	140	249.4509282155383	623.2407067582383
36	7	576	190	372.50369252328323	969.4115445547429
36	8	460	132	246.71577383141164	617.3136395507299
36	9	452	151	282.45255720671463	687.8061705143824
36	10	404	175	304.33027955378225	716.970677169892
36	11	336	125	243.36775298947092	625.6024561727841
36	12	276	120	205.27819299897288	480.7559395183333
36	13	204	83	158.2771162562574	389.25975529273626
36	14	212	91	175.50876536919745	430.27548142008914
36	15	196	89	167.35717962708463	442.04748918498217
36	16	188	100	193.27534430003752	481.1261552719488
36	17	100	57	108.72974651646177	255.881055280597
36	18	172	101	194.3178040163067	494.6948852994525
36	19	136	72	130.41593767600426	328.25503374407106
36	20	160	93	169.31968407878506	431.51086884719837
36	21	148	95	179.99047796016896	444.1154547346434
36	22	108	53	100.63030602754779	255.96961356268554
36	23	80	51	99.57851883150374	244.8558536235888
36	24	76	56	108.25500074563246	259.7636460130205
36	25	112	76	147.19898170360221	365.3175060582047
36	26	100	73	140.92431401272302	363.48278015479724
36	27	72	50	91.9361932471183	222.2341132267684
36	28	100	83	145.47250720959389	317.9840938581236
36	29	60	38	78.99685514998704	201.1866164365022
36	30	80	56	109.87942009288491	276.1844986627856
36	31	44	31	57.87646753022601	129.03686767123867
36	32	60	38	61.495981074330324	147.90953994093007
36	33	72	51	99.27956913369215	265.78593504461
36	34	48	32	73.78333803138128	204.8053592789333
36	35	32	19	29.291974032224502	75.54429756238531
36	36	56	44	86.61327888349174	230.16445778410082
36	37	52	43	86.83680559808043	221.60015141528586
36	38	36	28	58.282974766687644	160.46513872717955
36	39	72	56	115.4667388998928	299.29933881000153
36	40	48	38	84.08748315387405	228.4950450807162
36	41	32	28	51.72110818401856	126.944334425442
36	42	36	30	66.8544357639145	177.70492673546363
36	43	36	30	60.83986764916086	151.81694156536986
36	44	44	38	77.85158486719295	200.24360276892367
36	45	32	27	59.284926373338735	155.23042820710714
36	46	44	33	67.66829102373599	172.62401200816245
36	47	36	32	73.17710266409466	195.85267796626255
36	48	24	19	40.34394577971323	97.46061636867364
36	49	24	23	44.30694296118216	104.50305967290635
36	50	12	10	23.773467483718633	62.127824376291066
36	51	40	37	74.11552014208986	182.52276469602975
36	52	52	46	99.6448549282453	256.14017366075285
36	53	40	33	68.91279558856844	175.4028667286454
36	54	40	35	78.7879583447484	222.95855040700377
36	55	40	31	73.49138612020677	200.16396286575858
36	56	24	21	40.14456994501096	98.37455802030513
36	57	28	27	56.65176738543154	140.53628329658915
36	58	28	24	43.91382682075406	94.72612538633271
36	59	12	12	29.56465528183249	79.8508787468122
36	60	28	25	52.5090630320907	127.88640305518226
36	61	4	4	8.176900207987751	29.278884888497096
36	62	12	12	24.657119407065366	59.56474057197705
36	63	12	10	19.01442881975592	45.92070155100921
36	64	48	43	104.19335859134367	292.1878881267965
36	65	28	26	57.478633439690036	153.49989958615632
36	66	24	20	46.731758651133305	132.27131746008695
36	67	16	13	31.87288484999663	89.56888887008049
36	68	32	30	63.86567199312621	161.47977099241842
36	69	24	22	44.50986800404962	102.79194721113146
36	70	16	15	35.82503770808397	101.68301601732696
36	71	12	12	27.171241016811628	69.34033163084932
36	72	28	26	49.57184579024679	126.81078300595192
36	73	20	17	31.172545031624974	72.45147584501538
36	74	12	12	25.82905831879744	69.47704044757982
36	75	20	14	28.194982421368156	65.88508282076424
36	76	16	14	33.85649337389182	92.99007487266564
36	77	20	19	37.13536401331105	86.81010165644886
36	78	28	26	58.25449474318428	165.19639977762114
36	79	20	18	42.59690203173224	114.85961505840126
36	81	12	11	25.60914561127327	67.89776844495665
36	82	24	24	60.01706259595222	171.99176778524156
36	83	24	23	48.85646200313435	116.73199378312134
36	84	16	14	23.483291433988498	52.66608793828236
36	85	20	19	44.542801408202536	123.62341753372378
36	86	16	15	31.1627861317848	84.86217100608359
36	87	28	26	57.6902936053297	151.7102560739407
36	88	16	15	31.689460207315282	77.18822496043641
36	89	20	18	49.3474324416484	146.53758010035037
36	90	12	12	21.18445239152035	42.513138677398146
36	92	20	20	45.756380931936505	124.89585046166738
36	93	16	15	36.47245519185205	104.65745210435045
36	94	20	20	41.46136071780818	100.97119877272974
36	95	8	8	20.203955748039796	54.97473587266822
36	96	16	16	43.919352315244325	140.36172840747466
36	97	12	11	25.07865011059649	68.8233055956511
36	98	12	11	28.038961547575063	80.8331836078388
36	99	20	18	47.47562398754568	143.46450452111804
36	100	4	4	9.854850476920598	25.50155329742763
36	101	8	8	21.79746608236089	63.46419809595437
36	102	12	12	27.90027245610375	72.37715026132973
36	103	16	14	35.15214495991108	103.47297375835274
36	104	8	8	19.47155637146678	50.84852176621014
36	105	12	11	28.69738458857698	81.2701546484926
36	106	12	11	25.048438368450903	69.45957129264394
36	107	4	4	8.162492520214261	19.66904107891807
36	108	12	11	26.93963066192635	75.35679708676382
36	109	4	4	7.346724745510789	18.584341302690667
36	110	8	8	20.834490356598817	61.05626456847786
36	111	8	7	16.79897932975542	46.73046000936475
36	112	8	8	19.898607742266233	54.965000655736944
36	113	16	14	34.24832234365883	96.07283386369105
36	114	28	26	65.67895273412992	188.86709054080671
36	115	12	11	23.858465306144115	59.36979020627357
36	116	4	4	10.16891627032599	26.678847435166723
36	117	4	4	8.757975440956354	20.687562475268294
36	118	24	23	58.081043418804455	164.40546958503637
36	119	20	20	46.41598487541336	116.45629307436045
36	120	12	12	32.87156144748491	97.89317716216613
36	121	16	15	34.060651631220146	88.28415264620023
36	122	12	12	22.605173496082067	54.578112831614604
36	123	4	4	9.676566818364012	25.03236772827349
36	124	8	8	19.524793429563687	52.89906138112117
36	125	20	20	53.2958065251247	159.57353378047506
36	126	12	12	28.176977307959902	78.30735727723759
36	127	4	4	11.367094728348514	32.79804771541288
36	129	8	8	22.10993101448765	67.64810547043268
36	130	8	8	19.39551872327203	55.80274694510728
36	131	16	16	41.160740455926685	114.97112971556113
36	132	8	8	20.416875027490445	58.52516959544852
36	134	28	28	63.69264524970879	169.94731598790614
36	135	4	4	12.152035111621686	38.28333986658653
36	136	8	8	21.889489214628988	67.01684283924432
36	137	8	8	19.72722252542291	56.27087045417764
36	138	8	8	18.48015746216122	48.063095503960184
36	139	12	12	27.579849762898895	78.3089166464461
36	140	16	16	43.31866622333018	125.75497732709195
36	141	4	4	7.483637121203735	15.968309200143423
36	142	8	8	27.350958442645336	97.83808616919313
36	143	4	4	14.578667122539354	53.927473020718665
36	144	8	7	17.742342870923864	48.72797292192524
36	145	12	12	32.527281989134764	95.98950483234367
36	148	4	4	11.299018034536385	36.10363734020797
36	149	4	3	7.877736639812518	22.75571834415112
36	150	8	8	21.31947416400728	60.41553398324342
36	151	4	4	10.420918019857611	29.415794489185085
36	152	20	20	51.246362311762844	146.01775448224322
36	154	8	8	21.207767361940256	59.68908343077909
36	155	4	4	13.383876617954234	45.62670966818996
36	158	4	4	11.099671245652374	31.100847868627532
36	159	8	8	21.732259903678575	66.29256314836778
36	160	8	8	23.33165612690417	74.09591048930997
36	162	4	4	10.845481458837146	31.940460392957476
36	164	8	8	22.053746947277055	73.58653196983022
36	166	4	4	11.339376498212328	36.79218973995658
36	167	8	8	20.656856872247353	57.45030107393988
36	168	8	8	20.47526886360555	58.54783576420485
36	169	4	4	9.994532029692067	26.739746570432253
36	170	8	8	21.01916957895875	64.18971901427714
36	171	4	4	11.455692062553563	33.782198838520046
36	172	4	4	11.516226913192876	33.85465779032208
36	174	12	11	32.083560504699946	99.96851759557384
36	175	8	8	21.066609674071348	59.12581509228604
36	176	8	8	23.87522339317621	75.99558234713894
36	177	4	4	9.362919117063047	22.43848338170058
36	178	4	4	12.471196757811725	41.19530000805303
36	180	4	4	9.325089842620265	22.745659738860315
36	181	4	4	10.242473909616825	27.306257220742893
36	182	4	4	10.594847408680794	31.857125924618877
36	184	4	4	12.582467891276004	43.1490275272101
36	185	8	8	20.89896901318841	61.630049277282176
36	186	8	8	26.391804482345798	93.5164817507869
36	187	8	8	20.954595184629003	61.56251145526173
36	188	8	8	21.48176254220573	67.32900022339687
36	189	4	4	9.948865005708846	27.914862182496417
36	191	4	4	10.707430266307483	31.657377231939314
36	192	4	4	10.318052799444441	28.90195572259298
36	193	4	4	10.949334141840001	33.09147799342129
36	194	8	8	21.266356841025328	63.476374586088404
36	195	8	8	20.532006986230726	56.518108860770724
36	199	4	4	11.048414057301834	32.39949962862889
36	200	16	16	47.221432215463466	149.7898020021069
36	202	4	4	11.745245577302821	39.354892073699716
36	204	8	8	25.32032085713063	84.45476623874015
36	206	4	4	11.581293970752697	35.040586522859655
36	209	4	4	11.383216001813338	35.13789812549209
36	212	4	4	11.937881298332995	36.766512432545085
36	213	8	8	24.90222357639437	82.43227982188756
36	214	4	4	12.280963992510053	38.78411380380801
36	216	4	4	11.896821624883207	39.19892409518293
36	217	4	4	11.254839071010542	32.35198047533329
36	219	4	4	8.25233343743537	23.495192246467113
36	221	4	4	12.216097311733067	39.0900085690448
36	223	4	4	11.883289479825638	42.54061768318472
36	224	8	8	24.81743158987978	84.26576669468497
36	225	4	4	13.240500126251668	45.93922327722945
36	227	4	4	10.805029190306922	31.500164764150163
36	228	12	12	36.6476569902127	116.27531012771212
36	230	4	4	11.408300936163812	36.12782746961276
36	233	4	4	10.85238612495164	32.432381711630974
36	234	8	8	23.583505587923042	75.33591568632019
36	238	4	4	8.88896098198738	23.5955083726676
36	240	12	12	37.31192824202455	122.2469330807632
36	243	4	3	7.508002339771797	19.955578246457858
36	245	4	4	10.425391630201464	29.98305267943793
36	246	4	4	11.786505353419132	37.750298773830544
36	248	8	8	23.213974483057697	70.83480948193656
36	252	4	4	10.9608893320241	31.71981271102025
36	253	4	4	11.58124906798324	34.642112358566436
36	256	4	4	12.210765868322255	38.110443161094054
36	261	8	8	28.149968285926647	101.3251111190896
36	263	4	4	11.750911419308192	35.27774060801201
36	265	4	4	9.454539568484687	24.463981625377134
36	266	4	4	10.926688203051157	32.38843013753951
36	269	4	4	10.704641230556476	30.46304265956531
36	270	4	4	11.937605070341704	39.17964621493816
36	272	4	4	12.167134234037068	39.62359122801842
36	273	4	4	10.798519616929703	30.932408895273255
36	275	4	4	12.274000092797934	40.78270189918778
36	277	12	12	36.01230911977386	119.40607894554371
36	278	4	4	11.506773378788072	33.563459373285355
36	280	4	4	11.175308080816098	32.07373371961128
36	282	4	4	12.586365848061032	40.678184023930584
36	283	4	4	12.493316936611942	40.56585010141498
36	284	8	8	23.88803789835047	77.29801209646446
36	286	8	8	24.818638011849178	81.23006086616238
36	287	8	8	22.43576314859986	66.84038927225069
36	292	4	4	12.909133537804783	42.247667060943854
36	294	4	4	12.837126502948474	44.3366277480342
36	297	4	4	11.501508819941982	34.94957902328072
36	298	4	4	13.436686640184956	46.04582139293765
36	300	4	4	11.212503863339046	34.20991313526742
36	302	4	4	12.841159838125769	44.26029002728918
36	310	4	4	10.654819597511741	28.83504951069104
36	315	4	4	12.401490523118193	41.61955600679268
36	316	4	4	12.740258975143341	42.639864481683475
36	317	8	8	25.23778698429482	83.08738610473398
36	319	8	8	25.126784376021565	82.89518082717623
36	320	4	4	11.802328485489225	37.21889410300135
36	322	4	4	13.961918114179515	49.70619865936938
36	323	4	4	10.294033140843512	30.45575579581317
36	324	4	4	11.934866031936597	37.48076912941012
36	325	4	4	12.432640283702444	39.45904711548888
36	332	4	4	10.825857636188827	32.26718159077686
36	340	4	4	12.887822366228983	43.138924637219446
36	345	4	4	12.596762027025708	41.465630573072104
36	346	4	4	14.143385862986714	50.57178620389368
36	348	8	8	24.03943191210433	78.57309480574872
36	358	4	4	12.007911314478108	38.39055178789276
36	360	4	4	13.207475192414707	44.734927938709205
36	361	4	4	11.853561245758987	37.870264832634334
36	363	4	4	13.929995851879724	50.52625322686201
36	365	4	4	12.416791841294195	39.7672494482975
36	370	4	4	12.726344627085474	43.13682565085556
36	374	4	4	13.192877662431062	46.715829133360245
36	377	8	8	26.52996762125084	92.75922477030657
36	384	4	4	13.45965206761031	46.297106315272785
36	386	4	4	12.907679560447436	43.24256115279973
36	387	4	4	13.47745510355097	47.93189390028049
36	391	4	4	13.058020781826317	44.56888118741805
36	393	4	4	12.93232470788097	43.07224452830843
36	396	4	4	13.235665164426155	44.89674766718975
36	406	4	4	12.648490914516975	41.35921776565213
36	409	4	4	12.453456794774779	41.2292622499099
36	414	4	4	11.20069871845261	33.54322950030098
36	416	4	4	11.75987264129262	37.54355524956005
36	419	4	4	13.825916340202168	49.3500523190238
36	422	4	4	12.697431436931362	42.25494273583411
36	429	4	4	13.02232648068681	44.11577498426067
36	431	4	4	14.425168646377774	52.82339121412022
36	432	4	4	14.450999530647831	54.526135648634224
36	433	4	4	14.299855441918815	53.200460261514095
36	440	4	4	12.106491217130078	39.55918487883103
36	443	4	4	13.534600773082271	47.11301676964578
36	447	4	4	14.194786477389295	52.171122509991065
36	451	4	4	15.034873772134404	58.260333073747844
36	453	4	4	12.786551940441388	43.61572089392463
36	461	12	12	38.16485342300678	127.29794713175875
36	463	4	4	13.354290488297945	45.82775635069127
36	465	4	4	13.559814437580812	47.934868843567756
36	468	4	4	12.793408754674909	45.26433213796808
36	474	4	4	11.528235618005557	36.68098831520075
36	481	4	4	13.935559539474799	49.34918766515169
36	486	8	8	29.087918072512508	110.48329108662877
36	490	4	4	14.475792771568145	53.81758098864807
36	496	4	4	13.91080371619086	49.91125876699886
36	498	4	4	14.10560957658058	51.339384892555074
36	499	4	4	12.82791698826221	42.75979142119151
36	501	4	4	12.11095416486384	41.68856096367082
36	504	4	4	14.690109202028639	56.05989760384843
36	507	4	4	14.38996716086201	54.47652852762948
36	516	4	4	13.663168123208173	48.62560901123062
36	529	4	4	14.570172646212324	54.55856021061261
36	546	4	4	13.808203983590932	50.69722264217527
36	551	4	4	13.145006017803983	45.39740414385193
36	556	4	4	14.347101379564373	54.07766208982531
36	561	4	4	12.18380512311272	39.38939349342239
36	563	4	4	13.261275742518084	46.367927283154216
36	570	4	4	13.793612823955907	49.15922380334216
36	579	4	4	13.875913437365329	49.710659875430835
36	584	4	4	14.217078389274935	52.702904301433115
36	585	4	4	14.738409794490488	56.20695143975459
36	591	8	8	29.24865615562537	110.61566470940761
36	619	4	4	13.687454796700768	48.41919960580182
36	625	4	4	13.801021137012006	50.20541633213939
36	648	4	4	15.000078746723004	57.813056918019214
36	652	8	8	29.005662516987393	110.92627394343764
36	712	4	4	14.956696931524991	56.846567615711606
36	736	4	4	13.989051651678885	50.874445589848364
36	749	4	4	14.90216511844729	57.599155325750246
36	781	4	4	15.230291173934749	59.01342313146683
36	815	4	4	15.784041947639189	64.49564012413516
36	856	4	4	15.551361782958498	62.14198072722995
36	865	4	4	15.191177594759354	59.41170277933025
36	866	4	4	16.215904202810464	67.29355812347572
36	872	4	4	15.59175374228083	63.00423148713448
36	932	4	4	15.166674540399388	59.60725654355355
37	0	33	0	0.0	0.0
37	1	1723	2	6.683430603698739	22.33412231722845
37	2	769	3	10.59588777899718	39.14531185483118
37	3	467	2	5.589799338692154	15.622928323421618
37	4	323	3	7.956890882627941	21.104037506015885
37	5	244	2	5.0839178893529535	12.923110552841495
37	6	162	0	0.0	0.0
37	7	144	2	4.7523535778088934	11.292432264256496
37	8	115	2	4.621262737501257	10.678034644508807
37	9	113	1	2.2529557049540374	5.075809408484943
37	10	101	0	0.0	0.0
37	11	84	1	3.751186661123743	14.071401366592696
37	12	69	1	2.1127360497888446	4.463653616077371
37	13	51	1	2.073913211014421	4.301116006820147
37	14	53	3	7.706862980401683	21.48971318760173
37	15	49	1	2.0047471040060283	4.019010951020557
37	16	47	1	1.973663709277608	3.8953484373194462
37	17	25	4	7.778132452883732	15.124836113650774
37	18	43	1	1.9171315022107438	3.675393196768823
37	19	34	1	1.8912714002032622	3.576907509226808
37	20	40	3	5.6003826169007915	10.454761818561519
37	21	37	0	0.0	0.0
37	22	27	0	0.0	0.0
37	23	20	1	1.8003975634977103	3.241431386648492
37	24	19	0	0.0	0.0
37	25	28	0	0.0	0.0
37	26	25	2	3.485090636417568	6.072928372022704
37	27	18	1	1.7248170598909975	2.974993890091025
37	28	25	3	5.123313974132967	8.749448692515378
37	29	15	1	1.691359961058358	2.8606985178713304
37	30	20	1	1.675539718612921	2.8074333486494667
37	31	11	1	1.6602716052061859	2.7565018030539252
37	32	15	0	0.0	0.0
37	33	18	1	1.6312539248894418	2.6609893674672085
37	34	12	0	0.0	0.0
37	35	8	0	0.0	0.0
37	36	14	0	0.0	0.0
37	37	13	2	3.1569801911201405	4.983261963562479
37	38	9	1	1.5662573657917198	2.453162135896817
37	39	18	1	1.5543674898582618	2.4160582935282737
37	40	12	0	0.0	0.0
37	41	8	0	0.0	0.0
37	42	9	1	3.082850019028758	9.503964239825615
37	43	9	0	0.0	0.0
37	44	11	0	0.0	0.0
37	45	8	3	6.027166424744223	13.729589228899048
37	46	11	2	2.9588319881872494	4.377343367160055
37	47	9	1	1.469733417665484	2.1601163190026638
37	48	6	1	1.4602739265929197	2.1323999406871037
37	49	6	0	0.0	0.0
37	50	3	0	0.0	0.0
37	51	10	0	0.0	0.0
37	52	13	0	0.0	0.0
37	53	10	0	0.0	0.0
37	54	10	1	3.779726414589734	14.286331769147365
37	55	10	1	1.3995874400176662	1.9588450022552044
37	56	6	0	0.0	0.0
37	57	7	0	0.0	0.0
37	58	7	2	2.752295400458599	3.7875649856927796
37	59	3	0	0.0	0.0
37	60	7	0	0.0	0.0
37	61	1	0	0.0	0.0
37	62	3	1	1.3469125794359593	1.8141734966428293
37	63	3	1	1.3399325046086021	1.7954191169066815
37	64	12	2	4.206414752027699	10.033168923190049
37	65	7	0	0.0	0.0
37	66	6	0	0.0	0.0
37	67	4	2	2.626408672098117	3.4490112564360964
37	68	8	1	1.3068021801580159	1.7077319380657434
37	69	6	0	0.0	0.0
37	70	4	1	1.2943105455778512	1.6752397883940349
37	71	3	0	0.0	0.0
37	72	7	2	4.097061296267864	9.567432400723463
37	73	5	0	0.0	0.0
37	74	3	0	0.0	0.0
37	75	5	1	1.2647698774620075	1.5996428429352616
37	76	4	1	1.2591300602446474	1.5854085086116894
37	77	5	1	1.253574069731223	1.571447948302501
37	78	7	0	0.0	0.0
37	79	5	2	2.485409568471353	3.088630361524478
37	81	3	0	0.0	0.0
37	82	6	1	1.2269768015727884	1.5054720715977898
37	83	6	1	1.221880042962967	1.4929908393911822
37	84	4	2	2.433706474666649	2.9614636024171843
37	85	5	1	1.211894682336857	1.4686887210763517
37	86	4	1	2.726699641796131	7.434890936571149
37	87	7	1	1.202175812763908	1.4452266847945627
37	88	4	0	0.0	0.0
37	89	5	2	2.385421938402978	2.8451189121071105
37	90	3	0	0.0	0.0
37	92	5	1	2.693276320550373	7.253737338837355
37	93	4	2	2.3489952247290597	2.758889282899963
37	94	5	0	0.0	0.0
37	95	2	0	0.0	0.0
37	96	4	1	1.1614233129617606	1.3489041118910716
37	97	3	0	0.0	0.0
37	98	3	1	1.1529681525461668	1.329335560785721
37	99	5	1	1.1488155852128934	1.3197772488280428
37	100	1	0	0.0	0.0
37	101	2	1	1.1406553107012891	1.3010945378310543
37	102	3	0	0.0	0.0
37	103	4	2	3.7700321674546524	8.238585462903645
37	104	2	1	1.1287624646127465	1.274104701518642
37	105	3	0	0.0	0.0
37	106	3	0	0.0	0.0
37	107	1	0	0.0	0.0
37	108	3	0	0.0	0.0
37	109	1	0	0.0	0.0
37	110	2	1	2.78553055197716	7.759180455998182
37	111	2	0	0.0	0.0
37	112	2	1	1.0989197916672129	1.2076247085179106
37	113	4	1	1.0953665681645643	1.1998279186526153
37	114	7	1	2.7678093733350155	7.660768727121171
37	115	3	0	0.0	0.0
37	116	1	1	1.084925874603504	1.1770641533841781
37	117	1	0	0.0	0.0
37	118	6	3	4.726396414492668	8.930261806522406
37	119	5	1	1.0748000783524498	1.1551952084264323
37	120	3	2	3.6333006716199687	7.710958988010251
37	121	4	0	0.0	0.0
37	122	3	0	0.0	0.0
37	123	1	1	1.06176077996661	1.127335953875304
37	124	2	0	0.0	0.0
37	125	5	0	0.0	0.0
37	126	3	1	1.0523082433685318	1.107352639061365
37	127	1	0	0.0	0.0
37	129	2	1	1.0431206115687648	1.0881006102795938
37	130	2	0	0.0	0.0
37	131	4	0	0.0	0.0
37	132	2	0	0.0	0.0
37	134	7	1	1.0283623401440027	1.0575291026264495
37	135	1	0	0.0	0.0
37	136	2	0	0.0	0.0
37	137	2	1	1.0198211275073703	1.040035132110404
37	138	2	0	0.0	0.0
37	139	3	0	0.0	0.0
37	140	4	1	1.011502132509761	1.0231365640717942
37	141	1	0	0.0	0.0
37	142	2	1	2.6589585185762465	7.070060403509188
37	143	1	1	2.4752648937384656	6.126936294174097
37	144	2	2	2.001477563291989	2.002956218180619
37	145	3	2	1.9962086785970021	1.9924245442529946
37	148	1	0	0.0	0.0
37	149	1	0	0.0	0.0
37	150	2	1	0.9852544681275374	0.9707263669652766
37	151	1	1	0.9827468434669222	0.9657913583441993
37	152	5	1	0.9802593243831341	0.9609083430400785
37	154	2	2	4.23204884694419	11.557424689406451
37	155	1	1	2.4355640521950748	5.931972252344893
37	158	1	1	0.965741197972764	0.9326560614618694
37	159	2	0	0.0	0.0
37	160	2	1	0.9610506536679606	0.9236183589156144
37	162	1	1	0.9564312546827838	0.914760744934084
37	164	2	2	3.3596659181740627	6.703505214792547
37	166	1	0	0.0	0.0
37	167	2	2	1.8903640726906838	1.7867381636598545
37	168	2	0	0.0	0.0
37	169	1	1	0.9407975090449539	0.8850999530251901
37	170	2	0	0.0	0.0
37	171	1	1	0.9364763157821314	0.8769878900208743
37	172	1	1	0.9343389775665427	0.8729893250000924
37	174	3	2	4.125956179887996	11.078538030327767
37	175	2	2	1.856035438041218	1.7224337736324282
37	176	2	1	0.9259402716246574	0.8573653866163443
37	177	1	1	0.9238773450110678	0.8535493486246996
37	178	1	1	0.9218287646680833	0.8497682713694844
37	180	1	0	0.0	0.0
37	181	1	1	0.9157674008126666	0.8386299323911872
37	182	1	0	0.0	0.0
37	184	1	0	0.0	0.0
37	185	2	1	0.907876353202538	0.8242394727043395
37	186	2	2	3.4314437255015324	7.198907340102561
37	187	2	1	0.9040097648073725	0.8172336548670809
37	188	2	1	0.9020956780322811	0.8137766123245209
37	189	1	0	0.0	0.0
37	191	1	0	0.0	0.0
37	192	1	0	0.0	0.0
37	193	1	0	0.0	0.0
37	194	2	1	2.5047249023591194	6.2736468364979
37	195	2	1	0.8890423543763761	0.79039630787509
37	199	1	0	0.0	0.0
37	200	4	1	0.8800711148874362	0.7745251672592148
37	202	1	1	2.484793436879171	6.174198423957802
37	204	2	1	0.8730936576000985	0.762292534941518
37	206	1	1	0.8696688766223184	0.7563239549655253
37	209	1	1	0.8646091542836944	0.7475489896711653
37	212	1	0	0.0	0.0
37	213	2	1	2.4586566314709692	6.044992431476174
37	214	1	1	0.8563758257427161	0.7333795549165188
37	216	1	0	0.0	0.0
37	217	1	1	0.8515511564009799	0.7251393719678462
37	219	1	0	0.0	0.0
37	221	1	0	0.0	0.0
37	223	1	0	0.0	0.0
37	224	2	1	0.840613576445163	0.7066311849039278
37	225	1	0	0.0	0.0
37	227	1	0	0.0	0.0
37	228	3	1	0.8345556729398471	0.6964831712360811
37	230	1	1	0.8315769707660812	0.6915202583084918
37	233	1	0	0.0	0.0
37	234	2	0	0.0	0.0
37	238	1	0	0.0	0.0
37	240	3	2	1.6343229048526022	1.335505678662924
37	243	1	0	0.0	0.0
37	245	1	0	0.0	0.0
37	246	1	0	0.0	0.0
37	248	2	1	0.8061686725383317	0.6499079285822159
37	252	1	0	0.0	0.0
37	253	1	0	0.0	0.0
37	256	1	0	0.0	0.0
37	261	2	1	2.358675840046984	5.563351718421345
37	263	1	1	2.354926910598234	5.545680754259743
37	265	1	0	0.0	0.0
37	266	1	1	0.7830126147203466	0.6131087548111939
37	269	1	1	0.7793487470692879	0.6073844695584689
37	270	1	0	0.0	0.0
37	272	1	1	0.7757371027373441	0.6017680525633288
37	273	1	0	0.0	0.0
37	275	1	1	0.7721764267550781	0.5962564340362405
37	277	3	1	0.76983035810021	0.5926387802526977
37	278	1	0	0.0	0.0
37	280	1	0	0.0	0.0
37	282	1	0	0.0	0.0
37	283	1	0	0.0	0.0
37	284	2	1	0.7617882864827473	0.5803213934223203
37	286	2	0	0.0	0.0
37	287	2	1	0.7584197579760996	0.5752005292885255
37	292	1	1	0.752905693782124	0.5668669837295415
37	294	1	1	0.7507342413345379	0.5636019011121443
37	297	1	0	0.0	0.0
37	298	1	1	2.115675021085029	4.476080794843137
37	300	1	0	0.0	0.0
37	302	1	1	0.7422365255476145	0.5509150598569946
37	310	1	0	0.0	0.0
37	315	1	0	0.0	0.0
37	316	1	1	0.7280486734462841	0.5300548709068941
37	317	2	1	2.085682952879968	4.350073379934103
37	319	2	2	1.4502298799014581	1.0515833522794988
37	320	1	1	0.7241450346885724	0.5243860312641137
37	322	1	1	0.722217067255118	0.5215974922345836
37	323	1	0	0.0	0.0
37	324	1	1	0.720304710019427	0.5188388752761708
37	325	1	0	0.0	0.0
37	332	1	1	0.7128071834027089	0.5080940807105031
37	340	1	1	0.7055430926168774	0.4977910555393877
37	345	1	1	0.7011161871568116	0.49156390789330523
37	346	1	1	2.0433018225334596	4.175082337968558
37	348	2	0	0.0	0.0
37	358	1	1	0.6899913744830322	0.4760880968609839
37	360	1	1	0.6883271880392852	0.47379431779406944
37	361	1	1	0.6874996704259879	0.472655796835842
37	363	1	1	2.197179268329101	4.827596737175203
37	365	1	1	0.6842196668757587	0.4681565525395743
37	370	1	1	0.6801859440992322	0.46265291855016377
37	374	1	1	0.6770106100282028	0.4583433660907593
37	377	2	2	1.3493170333256486	0.9103282282113647
37	384	1	0	0.0	0.0
37	386	1	1	2.167233876622268	4.696902675979184
37	387	1	1	0.6669942345229514	0.44488130888685784
37	391	1	0	0.0	0.0
37	393	1	1	0.662520923582595	0.4389339741847346
37	396	1	1	0.6603182251560346	0.43602015847321557
37	406	1	1	0.6531336206934845	0.42658352648018044
37	409	1	1	0.6510241607468109	0.4238324578760895
37	414	1	1	0.6475539480397874	0.4193261156219157
37	416	1	1	0.6461815179553938	0.41755055414713693
37	419	1	1	2.8422792091710654	8.078551102886097
37	422	1	1	0.6421166536116347	0.4123137968454041
37	429	1	1	0.6374710740012056	0.4063693701882506
37	431	1	1	1.9375010199143905	3.7539102021693034
37	432	1	1	0.6355111174426062	0.40387438039315005
37	433	1	0	0.0	0.0
37	440	1	1	0.6303726987291096	0.3973697393030208
37	443	1	1	2.1002729854599695	4.411146613452933
37	447	1	1	1.9200297218868745	3.6865141329289886
37	451	1	1	0.6235089271285121	0.38876338220894824
37	453	1	1	0.6222851602194278	0.38723882062931897
37	461	3	2	1.234923902808038	0.7625185228633183
37	463	1	1	0.6162737605117719	0.3797933478953207
37	465	1	1	0.6150924762087848	0.37833875428865454
37	468	1	0	0.0	0.0
37	474	1	0	0.0	0.0
37	481	1	1	0.6058829520779863	0.3670941516187354
37	486	2	1	2.768651439681499	7.665430794450437
37	490	1	1	2.0514181474190565	4.208316415560234
37	496	1	0	0.0	0.0
37	498	1	1	0.5965415288983608	0.3558617957003938
37	499	1	0	0.0	0.0
37	501	1	1	0.5949378879882673	0.3539510905639401
37	504	1	1	0.5933472320555231	0.3520609377879508
37	507	1	1	0.5917693853010894	0.35019100537962916
37	516	1	0	0.0	0.0
37	529	1	1	2.7266083366312115	7.434393021386822
37	546	1	1	0.5723487647863623	0.3275831085524747
37	551	1	0	0.0	0.0
37	556	1	1	1.9904193441036897	3.9617691653821625
37	561	1	1	0.5653765530824061	0.3196506467753428
37	563	1	1	1.9843943439301885	3.9378209122221235
37	570	1	1	1.8042314468168428	3.2552511136827977
37	579	1	1	0.5573394145566484	0.31062722301834755
37	584	1	1	0.555167467499001	0.30821091696925434
37	585	1	1	1.965952162580505	3.8649679055549644
37	591	2	2	3.92209448671439	7.6914125813577074
37	619	1	1	0.5406477117372921	0.2922999482067701
37	625	1	1	0.5382719140557788	0.2897366534612717
37	648	1	1	1.9168772625648527	3.674418439738123
37	652	2	2	5.582334027896799	15.63773960869253
37	712	1	1	1.8718681209319532	3.5038902621613213
37	736	1	1	0.4993179078544807	0.2493183731041757
37	749	1	1	1.8477368368189304	3.4141314181376266
37	781	1	1	2.8695286411350667	8.234194622294462
37	815	1	1	2.848361764441362	8.11316474113151
37	856	1	1	2.8239889026515543	7.97491332229913
37	865	1	1	2.4834353729425462	6.167451251582284
37	866	1	1	1.7789284227118718	3.164586333132148
37	872	1	1	1.775668097667107	3.152997193072723
37	932	1	1	2.7817693739180087	7.73824084966819
39	0	33	0	0.0	0.0
39	1	1723	37	150.4820366335877	619.1127254704124
39	2	769	34	125.90989368261674	474.3481915591004
39	3	467	28	97.79720141142221	351.7261687342301
39	4	323	26	87.69286125028526	301.76544638410013
39	5	244	26	79.48348409628723	251.8964883562638
39	6	162	19	61.485234572262925	201.28021319973885
39	7	144	23	66.18267813869093	200.5192322596309
39	8	115	17	49.6133316214468	150.41388767338506
39	9	113	24	74.14633315966984	236.23433516128335
39	10	101	20	62.80609931833889	198.72094975323225
39	11	84	15	46.20455943342236	149.53394905966258
39	12	69	14	41.58026617893531	124.92826633530836
39	13	51	10	28.535128776326815	83.60652798592062
39	14	53	12	32.9825467717441	94.54754330929525
39	15	49	15	42.00109195316463	124.33912221087519
39	16	47	18	49.12027425631431	138.16371027813085
39	17	25	9	25.427142580512847	72.85076412420321
39	18	43	15	39.18544602544659	108.51092636567007
39	19	34	10	26.8067995344465	75.34819149073573
39	20	40	19	47.95596287779392	126.29742665833211
39	21	37	9	25.159433340496655	71.14665872394015
39	22	27	7	20.479642829307696	60.75092637787223
39	23	20	7	16.11991715955634	40.15546947630297
39	24	19	4	10.166133573410224	25.892934614386917
39	25	28	11	29.244688903874007	81.32701083090339
39	26	25	10	27.043575084587655	76.59431883963265
39	27	18	8	17.811678635821295	42.5371604693423
39	28	25	17	41.19367398800817	101.77134830831716
39	29	15	6	17.745495019110543	54.21881277643835
39	30	20	9	22.211343796272537	57.43038025420732
39	31	11	3	7.634394919721386	20.062558702013963
39	32	15	6	15.516275767645764	40.6841878963589
39	33	18	11	27.23053022933354	70.1647338486552
39	34	12	7	14.86845147845067	35.80811481758969
39	35	8	3	7.0937913273541415	16.808997899779122
39	36	14	7	16.23456821576461	39.562005577536695
39	37	13	8	17.585784955344963	41.84428641137949
39	38	9	4	10.197354218479923	26.799880784746385
39	39	18	9	27.580797225136294	86.8497653134015
39	40	12	6	14.061934403625786	33.00914539631762
39	41	8	7	16.18502836164521	37.58151789162166
39	42	9	3	6.035981877415919	14.012371963371525
39	43	9	7	17.87107353475915	46.98184141465114
39	44	11	5	10.997044905067584	26.217850767714136
39	45	8	6	12.432018035608124	28.306939095950906
39	46	11	5	13.639644303256322	39.13747448395795
39	47	9	5	14.573556959980902	44.505662838358326
39	48	6	4	11.223884293901916	32.740255581509224
39	49	6	5	12.19893528711754	31.02140485132662
39	50	3	2	6.058370354917466	18.404908948138065
39	51	10	6	14.39636443339156	35.385743361965446
39	52	13	10	24.71464849314064	63.5053318492246
39	53	10	8	18.522335924246967	47.154177220010205
39	54	10	7	15.874960239109893	39.073694230803376
39	55	10	8	17.091725660744117	42.306607635067394
39	56	6	4	10.704164403015229	29.987194436150958
39	57	7	3	7.394642091297543	18.550355267763948
39	58	7	7	18.829921014218225	52.333037822918385
39	59	3	3	9.986128193935405	33.39891946767906
39	60	7	4	10.462633164674447	28.540872804793693
39	61	1	1	2.8433642360069116	8.084720178603169
39	62	3	2	3.3340508407525524	5.793283529316384
39	63	3	2	3.8357030262901874	7.450147811445653
39	64	12	9	23.977099899289897	67.17640698467201
39	65	7	7	16.593910251623022	44.215844115420616
39	66	6	3	6.637017542449749	14.794409695759818
39	67	4	2	3.83353573328408	8.132396075438912
39	68	8	7	20.662899242059176	62.05285247940976
39	69	6	4	9.580817740918569	23.39604140601191
39	70	4	4	10.997606548583171	31.914981853997098
39	71	3	3	7.476732138608208	20.034193908008486
39	72	7	5	12.4520209911195	31.737602570411127
39	73	5	5	12.098443353975405	33.213110902645525
39	74	3	2	5.262409591640417	13.849797241485987
39	75	5	4	9.948820307968154	25.20662650459764
39	76	4	4	9.306163688732926	22.07453673270694
39	77	5	5	12.37286339206075	31.158416515334505
39	78	7	4	9.201308116055701	22.06556925155291
39	79	5	5	14.749252049709279	45.08602511820366
39	81	3	1	2.7415119677525963	7.5158878693307125
39	82	6	4	8.844023019257081	19.704685634297846
39	83	6	6	14.212127972856026	34.67747006258785
39	84	4	4	8.724008493798197	20.770590840800068
39	85	5	3	5.8165756926864685	11.424454545968493
39	86	4	2	5.790523267276139	16.81730957678728
39	87	7	6	17.24418393684285	51.51090915277119
39	88	4	4	11.088121926155226	32.26479286364111
39	89	5	5	10.079969928756226	23.633942761847216
39	90	3	3	6.264395004040242	13.475772444862466
39	92	5	5	11.802033102638447	29.216223596741994
39	93	4	4	11.992839700039681	37.148350033940496
39	94	5	5	10.561257323829158	22.681019324804392
39	95	2	2	5.06828160159227	13.291552764953085
39	96	4	4	9.15539894235431	22.71582381457698
39	97	3	0	0.0	0.0
39	98	3	2	5.421637769022324	14.850315898578204
39	99	5	5	10.542770226257414	23.86396998670828
39	100	1	1	2.9310415385301942	8.591004500589449
39	101	2	2	4.189166139698761	8.97630669819647
39	102	3	3	7.48076583035726	19.518412109716063
39	103	4	4	8.100480085694402	19.1299225085632
39	104	2	2	5.090791451556724	13.383462151186905
39	105	3	2	5.185869912292127	13.450125698334688
39	106	3	3	7.219259032907074	18.63137861881415
39	107	1	1	2.59941648377828	6.7569660561382365
39	108	3	2	4.942536808811753	12.660406168118747
39	109	1	1	1.994560496170661	3.978271572884553
39	110	2	2	5.947483309209	17.980832328020032
39	111	2	2	2.4921316684172243	3.578621269969347
39	112	2	1	3.585715238547579	12.857353771952322
39	113	4	4	9.860642977838435	25.97989600441082
39	114	7	7	16.960136214658174	42.11382867626587
39	115	3	2	5.401177873778176	14.6619527811102
39	116	1	1	2.2730407945153908	5.166714453531159
39	117	1	1	2.4456441914611444	5.981175511227635
39	118	6	5	11.063151599185527	25.48592205711452
39	119	5	4	10.58740142707021	29.412923953621174
39	120	3	3	8.205019094444465	23.44419109283009
39	121	4	4	9.365798644560359	22.181096941931482
39	122	3	2	5.30219630645606	15.44907302420025
39	123	1	1	3.0841865461551508	9.512206651484437
39	124	2	2	6.12655582680237	18.838338702945954
39	125	5	4	12.527026936117144	39.95468174938982
39	126	3	3	8.817442023714293	26.393555020883163
39	127	1	1	2.5361779893197927	6.432198793510186
39	129	2	2	5.7729059179691085	16.704472764326752
39	130	2	2	5.781152354893388	16.711700449807655
39	131	4	4	10.81319766058759	29.319700278637224
39	132	2	1	2.6778060444791545	7.170645211849095
39	134	7	7	14.008712671059712	31.308068372593624
39	135	1	1	3.249885367397023	10.561754901221283
39	136	2	2	5.3141978410227075	14.179442219511698
39	137	2	1	3.0324075632371517	9.19549562957788
39	138	2	2	6.036933954736186	18.2446095523352
39	139	3	3	8.57250655239763	24.9455159783041
39	140	4	4	10.6440156072309	28.48901024725101
39	141	1	1	2.3538771154173808	5.540737474485649
39	142	2	2	5.763050287690136	16.828969026677253
39	143	1	1	2.500485166387224	6.252426067322543
39	144	2	2	4.702274221620243	11.127791155800601
39	145	3	3	7.3109859349316535	18.681007244067146
39	148	1	1	3.2519984727393676	10.575494066699179
39	149	1	1	2.440220629069601	5.954676718536839
39	150	2	2	5.604021870404067	15.816106308945212
39	151	1	1	0.9630068430541718	0.9273821797691624
39	152	5	5	11.448960737917279	27.169390461261614
39	154	2	2	6.440195933252595	20.84373463841699
39	155	1	1	3.1531575211824157	9.942402353389236
39	158	1	1	3.100309227458236	9.611917305862685
39	159	2	2	5.857967799305973	17.220928087727692
39	160	2	2	5.262902806867245	13.868920826855195
39	162	1	1	3.0878598147198812	9.5348782353619
39	164	2	2	6.16010346883823	19.000278503954444
39	166	1	1	3.4293737779888054	11.760604509157213
39	167	2	2	5.157048590735958	14.195702172836283
39	168	2	2	6.525722645623597	21.358531025162428
39	169	1	1	2.609071058478888	6.807251788192145
39	170	2	2	6.331456422325866	20.061112688053797
39	171	1	1	2.9255734252204055	8.558979866355855
39	172	1	1	2.894841640709985	8.380108124788478
39	174	3	3	8.264259706870954	22.923954630813856
39	175	2	2	5.74254476593794	16.612911034611898
39	176	2	2	5.926460269960527	17.875560043156792
39	177	1	1	2.918366209496388	8.516861332730317
39	178	1	1	2.436473442331105	5.936402835184785
39	180	1	1	2.3472796827105467	5.509721908865725
39	181	1	1	3.4951005868561875	12.215728112242466
39	182	1	1	3.5919144054684637	12.901849096211867
39	184	1	1	2.3991560763878557	5.75594987886877
39	185	2	2	4.512626194787148	10.221196981792403
39	186	2	2	4.8915216676602125	11.965405180377594
39	187	2	2	6.197909413681865	19.274475441583203
39	188	2	2	4.0741454293799535	8.332218142510214
39	189	1	1	1.4870749069750604	2.2113917789548845
39	191	1	1	1.8277788200840237	3.340775415147746
39	192	1	1	2.65799826885794	7.064954797251806
39	193	1	1	3.061462343493143	9.372551680626527
39	194	2	2	4.791529199343214	12.103963063907537
39	195	2	2	4.327988560891066	10.320721064679294
39	199	1	1	2.725398613465378	7.4277976022790035
39	200	4	4	10.502889264233566	27.732675316174458
39	202	1	1	3.0321618560172605	9.194005521086039
39	204	2	2	5.142661046430344	13.2586164408111
39	206	1	1	3.0224035367578463	9.134923139006338
39	209	1	1	2.7592264358702714	7.613330524405361
39	212	1	1	2.127388693677359	4.525782653986259
39	213	2	2	5.936308922722073	17.62271255480413
39	214	1	1	3.3300251192657737	11.08906729494103
39	216	1	1	1.8426089798324483	3.395207852559176
39	217	1	1	3.0735428389790336	9.446665583039298
39	219	1	1	3.3360648698447943	11.129328815812565
39	221	1	1	2.9426645767439306	8.659274811223536
39	223	1	1	3.3384142010684736	11.145009377895654
39	224	2	2	5.414144582024044	14.950738287687013
39	225	1	1	3.2512617144639515	10.570702735939074
39	227	1	1	3.343076481787406	11.17616036308006
39	228	3	3	9.860714628755568	32.56993819844923
39	230	1	1	3.4144158960316497	11.658235911073614
39	233	1	1	3.292386097685284	10.839806216231331
39	234	2	2	5.853405697350612	17.399896679775495
39	238	1	1	1.7239242818666412	2.9719149296094143
39	240	3	3	8.369177265028897	24.72606645780025
39	243	1	1	3.0920250153725903	9.560618695689868
39	245	1	1	2.084161202660642	4.343727918675854
39	246	1	1	2.9337998610715017	8.607181624823163
39	248	2	2	5.495510900174184	15.48890674228432
39	252	1	1	3.410242061772028	11.629750919879134
39	253	1	1	2.5904303155713326	6.710329219830994
39	256	1	1	2.839163271749489	8.060848083651262
39	261	2	2	6.001270911740675	18.564283317710764
39	263	1	1	2.631770739698086	6.92621722633101
39	265	1	1	3.414640273455387	11.659768197103482
39	266	1	1	2.6110544871616597	6.817605534927037
39	269	1	1	2.9223202614002863	8.539955710190638
39	270	1	1	3.1868133301902164	10.155779201478056
39	272	1	1	2.9168071137096967	8.507763738587492
39	273	1	1	2.897953473160648	8.398134332603863
39	275	1	1	2.6844663261443795	7.206359456203102
39	277	3	3	9.152873066892852	28.043177455245925
39	278	1	1	3.4174932213394156	11.679259917900856
39	280	1	1	3.089709372695595	9.546304007723005
39	282	1	1	2.406982654086768	5.7935654970745825
39	283	1	1	3.1984779957128713	10.230261489059426
39	284	2	2	6.075799999280017	19.051425278600423
39	286	2	2	6.521108345391665	21.282264915472815
39	287	2	2	5.6682537893151554	16.290838949721284
39	292	1	1	2.8107983848561227	7.900587560309788
39	294	1	1	3.0369809422796603	9.223253243769854
39	297	1	1	2.6077448761044937	6.800333338849241
39	298	1	1	2.56954917711835	6.60258297362959
39	300	1	1	2.7895672100669904	7.7816852194809325
39	302	1	1	2.9278363777568392	8.572225854916288
39	310	1	1	3.288271566127864	10.812729892604995
39	315	1	1	2.7900481936870545	7.7843689230963955
39	316	1	1	3.299467856651829	10.886488137078613
39	317	2	2	4.997395552904775	12.490232348922413
39	319	2	2	5.911209005536882	17.485054923514642
39	320	1	1	3.2017349574173677	10.251106737548394
39	322	1	1	2.850266130162931	8.12401701275397
39	323	1	1	2.862768107478856	8.195441237198072
39	324	1	1	3.1547817230350677	9.95264771999611
39	325	1	1	3.185165098615542	10.145276705438555
39	332	1	1	3.051790225392717	9.31342357980253
39	340	1	1	2.7352946878801747	7.481837029545503
39	345	1	1	2.2822779524524983	5.208792652250768
39	346	1	1	2.36264334223274	5.582083562596693
39	348	2	2	6.401697501949483	20.591327371895666
39	358	1	1	3.1528304427279505	9.940339800592124
39	360	1	1	3.436677571555044	11.810752730829476
39	361	1	1	3.202697664343328	10.257272329190208
39	363	1	1	2.960783419937716	8.766238459778076
39	365	1	1	3.3109784833798055	10.962578517404037
39	370	1	1	3.591765231219667	12.900777476198469
39	374	1	1	2.5901450878264503	6.708851575991489
39	377	2	2	6.055718042629093	18.462167647058752
39	384	1	1	3.209039083746005	10.2979318410094
39	386	1	1	3.6896390307803513	13.61343617745777
39	387	1	1	2.7752829100426513	7.702195230774807
39	391	1	1	3.0715256910082114	9.434270070523471
39	393	1	1	2.317598567256617	5.3712631189499245
39	396	1	1	3.3706649859971285	11.361382447827022
39	406	1	1	3.210465140068376	10.307086415594258
39	409	1	1	3.2521880005432884	10.576726790877752
39	414	1	1	2.1308916872102883	4.540699382621909
39	416	1	1	3.3343105456104207	11.117626814568862
39	419	1	1	3.475701804750396	12.08050303554516
39	422	1	1	2.9404341255456417	8.646152846673361
39	429	1	1	3.211558315270602	10.314106812383748
39	431	1	1	3.097320712102766	9.593395593620786
39	432	1	1	3.4343267308512773	11.794600094239621
39	433	1	1	3.475204213742775	12.07704432721554
39	440	1	1	2.3296817228407796	5.427416929738383
39	443	1	1	2.649043026108343	7.017428954173247
39	447	1	1	2.830137737680801	8.009679614245002
39	451	1	1	3.4081364699160788	11.61539419757203
39	453	1	1	3.2971018935666425	10.87088089656074
39	461	3	3	9.37931539694803	29.626343929224035
39	463	1	1	3.2809329382914174	10.764520945565554
39	465	1	1	3.3692657801614634	11.351951897367034
39	468	1	1	3.4007804103468615	11.565307399398968
39	474	1	1	2.8505088081310292	8.12540046523258
39	481	1	1	3.22343508378569	10.39053373938046
39	486	2	2	5.86711035245032	17.347245392031144
39	490	1	1	3.037472568395706	9.226239603756406
39	496	1	1	2.728399342184433	7.444162970432446
39	498	1	1	2.8191327801354134	7.947509632034025
39	499	1	1	2.983610174500218	8.90192967338122
39	501	1	1	3.086949262858789	9.529255751464422
39	504	1	1	3.054426501619647	9.329521253796436
39	507	1	1	3.3079807295456667	10.942736507045481
39	516	1	1	3.03148984223045	9.189930663546399
39	529	1	1	3.4608141410030644	11.977234518566778
39	546	1	1	3.2857068421071736	10.795869452269894
39	551	1	1	2.5837199384548533	6.6756087203691505
39	556	1	1	3.0222834867956663	9.13419747455777
39	561	1	1	2.827912530969761	7.9970892828158
39	563	1	1	3.278784783321013	10.750429655337422
39	570	1	1	2.933879294309305	8.607647713576865
39	579	1	1	3.2876277913568748	10.808496494502082
39	584	1	1	3.2833405636221813	10.780325256726822
39	585	1	1	3.2059888085949004	10.27836424083575
39	591	2	2	6.328544274915387	20.161372988348987
39	619	1	1	3.402076718273891	11.574125997021248
39	625	1	1	3.377611282093852	11.408257972927675
39	648	1	1	2.9043270222264614	8.435115452034825
39	652	2	2	6.947623137740358	24.200185068514898
39	712	1	1	2.9593154120993765	8.757547708288902
39	736	1	1	3.194744979990437	10.206395487174097
39	749	1	1	3.0258574866548464	9.155813529545185
39	781	1	1	3.181557321723448	10.12230699141208
39	815	1	1	3.5579332798644745	12.658889223967178
39	856	1	1	3.349611827170674	11.219899392721661
39	865	1	1	3.4074485406561323	11.610705557219607
39	866	1	1	3.3046886570116727	10.920967119781613
39	872	1	1	3.083588246623167	9.508516474712538
39	932	1	1	3.49097740027081	12.186923209201542
40	0	33	0	0.0	0.0
40	1	1723	71	259.841992809001	990.0321898192623
40	2	769	64	210.9432359137403	722.2879643600687
40	3	467	54	174.61394800279953	602.6521537007139
40	4	323	53	159.58503872573428	512.1060607306329
40	5	244	47	131.76675856871586	385.6186088527054
40	6	162	32	85.17000480474773	239.80223084726833
40	7	144	45	122.13325323944053	363.4724231383624
40	8	115	33	92.17941268800124	283.2822121180105
40	9	113	32	82.50173715175046	226.3759033353679
40	10	101	29	67.01448493235343	161.88857202995817
40	11	84	22	53.06349830513841	132.38166450059805
40	12	69	24	65.03452479648794	191.49832129880966
40	13	51	26	66.63301078255714	191.4141787336271
40	14	53	17	40.399832096458525	98.85489717679341
40	15	49	22	61.17904595981837	182.3514674126945
40	16	47	25	63.701857533945685	174.2677586465366
40	17	25	13	35.51224841021153	104.85357882579429
40	18	43	28	61.73389083549441	142.0329371282268
40	19	34	16	37.572813651023594	98.13208095222504
40	20	40	25	58.38035664316895	150.40917912841343
40	21	37	20	46.87903220857887	127.42158008289339
40	22	27	16	42.59577720210156	122.43737060002104
40	23	20	10	21.239166096646024	49.83134305948044
40	24	19	12	31.799108515689255	97.9254462300229
40	25	28	19	42.37204633854485	105.40958486776148
40	26	25	15	31.919858697988676	74.78713805378551
40	27	18	12	31.49563642743125	96.1555941249069
40	28	25	18	41.967606506665845	112.49520426314284
40	29	15	11	27.658427073739144	78.98555030282358
40	30	20	18	50.579170282397904	157.80916805284673
40	31	11	7	17.038403757878186	45.61625464911687
40	32	15	13	34.15168042553118	97.52402781088047
40	33	18	15	34.836848795469464	87.63371225032803
40	34	12	9	21.44846802602225	55.34774803539365
40	35	8	5	12.07381352198755	33.406043344045166
40	36	14	12	31.071435025641716	89.4937331257559
40	37	13	12	34.02756657725005	101.12714187467606
40	38	9	6	13.855559277369931	33.25212011805665
40	39	18	16	38.96617846670357	107.0929125980172
40	40	12	10	23.011986891390773	59.83538695922897
40	41	8	8	20.97860030889277	61.44253745463964
40	42	9	8	17.40738060435456	44.570362165658146
40	43	9	8	23.504479908323457	73.46586111858663
40	44	11	11	35.758240985627644	125.20741498435214
40	45	8	7	16.947775105666466	49.71310983409784
40	46	11	11	23.943247387686718	57.49424962812306
40	47	9	7	17.737005148178323	45.75738172408635
40	48	6	5	13.79399825342911	41.788552520039524
40	49	6	6	16.504020142964205	48.05229908302905
40	50	3	3	8.856883951070174	27.68545699103768
40	51	10	9	24.62607840045358	78.49538121703921
40	52	13	13	31.563678259867686	89.31153718775542
40	53	10	8	21.34699421250058	59.16664769205181
40	54	10	8	23.883771915083063	76.7624878755473
40	55	10	8	17.463284616014548	40.32708483537528
40	56	6	5	10.509674715274555	26.47884985996174
40	57	7	7	14.76881272036525	34.16566447953784
40	58	7	7	17.014183632823215	47.09013787582845
40	59	3	3	10.921724554333432	41.48692549258213
40	60	7	5	13.763125232455682	43.29754822129824
40	61	1	1	1.2278573731512599	1.5076337288019122
40	62	3	3	6.666540684951613	19.006664261729213
40	63	3	3	9.670411772972637	33.712753878717116
40	64	12	12	30.35406012144647	88.53537008213114
40	65	7	7	17.4814625754668	48.48074910315781
40	66	6	6	14.54644716952495	39.49201039877917
40	67	4	3	9.476238562631908	32.912045809468786
40	68	8	8	27.26974968388633	96.12050396821033
40	69	6	6	13.557430386617451	33.000361644262014
40	70	4	4	14.04723772218037	53.53237119019648
40	71	3	3	8.882956821608492	27.5314186122815
40	72	7	7	13.870228746953488	31.652377405321552
40	73	5	5	12.687842485611428	34.30861527311846
40	74	3	3	10.497486211355133	38.05440727019739
40	75	5	5	10.7064229352377	25.30249049200899
40	76	4	4	10.490361273589361	30.139979686238053
40	77	5	5	14.829286029818245	48.191488198018476
40	78	7	7	17.137074923989015	47.05296014325384
40	79	5	5	11.483516629265655	27.487760165929217
40	81	3	3	6.7084343812762715	15.728084255347373
40	82	6	6	15.911595662751076	49.735314658320775
40	83	6	6	16.350812767969785	52.29794063771497
40	84	4	3	5.115313863558166	8.734790584516965
40	85	5	5	16.123313043298644	54.325644023136626
40	86	4	3	7.455393759752422	20.632616085837185
40	87	7	7	16.199188763440592	42.907009202693914
40	88	4	4	10.252968460838545	27.80926475358953
40	89	5	5	14.43277140965004	45.15643604558086
40	90	3	3	8.68386062119579	26.2559969273211
40	92	5	5	14.109108152149162	41.40340634414991
40	93	4	4	12.036088109780279	37.49828242876129
40	94	5	5	17.12950162123952	61.69753790909972
40	95	2	2	6.516161126400851	21.267561906851384
40	96	4	4	9.31595031091002	22.349057036084535
40	97	3	3	9.707894700719336	32.09091496372886
40	98	3	3	9.201775066909521	30.30999453383836
40	99	5	5	10.88861301540693	25.490866304583243
40	100	1	1	2.619588926617789	6.86224614445854
40	101	2	2	7.152560666391366	26.762843207285506
40	102	3	3	9.875393950985604	34.77518626818686
40	103	4	4	8.693793006166057	20.212818768123604
40	104	2	2	5.655124851074756	16.97860427218069
40	105	3	3	11.055133130601678	40.944902107253135
40	106	3	2	3.798004898617859	8.744690867171485
40	107	1	1	2.3163291826369172	5.365380882335409
40	108	3	3	8.083484900256792	21.890992397105563
40	109	1	1	3.3962042103796173	11.53420303860024
40	110	2	2	7.1964065591272615	26.186373284590942
40	111	2	2	3.2701963931725393	5.511074449076576
40	112	2	2	5.381109074175135	15.633915166071752
40	113	4	4	12.439283427439207	39.33074023485695
40	114	7	7	20.534351482001004	69.0723543918205
40	115	3	3	6.8535020967795495	19.494420663063664
40	116	1	1	2.4707230528916626	6.104472404090298
40	117	1	1	2.84035384701278	8.067609976240298
40	118	6	6	17.549837270938895	51.70774618477268
40	119	5	5	9.063071151152784	18.69614738999529
40	120	3	3	9.0974371014601	28.927642061649536
40	121	4	4	14.906588793906915	55.66197256624906
40	122	3	3	7.022434651712466	19.502627250100296
40	123	1	1	3.2334438717635545	10.455159271845286
40	124	2	2	8.72159361782612	38.180910222275045
40	125	5	5	13.960805828209944	42.022080887521184
40	126	3	3	9.80127020424977	33.12156218202928
40	127	1	1	3.2426076428432578	10.514504325425508
40	129	2	2	4.711610003139512	11.167606561683876
40	130	2	2	6.847948657296306	23.743909014387413
40	131	4	4	10.709188063142422	31.82699578151629
40	132	2	2	7.775726576524464	30.23137543380848
40	134	7	7	19.97152438704663	60.07868261558454
40	135	1	1	2.785013314612564	7.756299162569261
40	136	2	2	6.022639972554936	19.41266074105206
40	137	2	2	4.779805602621181	11.437920713125802
40	138	2	2	7.121771658319693	25.65434254281918
40	139	3	3	9.21217942622931	29.32478101631373
40	140	4	4	12.671233985859718	43.562846914336056
40	141	1	1	3.5003775227471774	12.252642801753666
40	142	2	2	7.240642290235455	26.2160100753075
40	143	1	1	2.4840200430318196	6.1703555741838025
40	144	2	2	5.282041410461715	13.965399155164668
40	145	3	3	8.303815093626591	24.390612395571267
40	148	1	1	4.271128300082909	18.24253695576912
40	149	1	1	2.4216414389279457	5.864347258733011
40	150	2	2	6.131090759927472	19.388943706515406
40	151	1	1	3.387492415453101	11.475104864752286
40	152	5	5	18.310707213622322	68.08858881090136
40	154	2	2	5.534432200516033	18.50065093858248
40	155	1	1	2.6577912181350767	7.063854159195935
40	158	1	1	3.3916432007831765	11.50324360141875
40	159	2	2	6.775844784031301	23.035093261964654
40	160	2	2	7.636117814945136	29.289545960891232
40	162	1	1	3.5635405033554144	12.69882091905456
40	164	2	2	6.064487008518665	18.390520958246068
40	166	1	1	2.6156967758797145	6.841869623347534
40	167	2	2	8.176205525762647	33.42524988307471
40	168	2	2	7.446497632263442	27.72913328070031
40	169	1	1	2.8812191968441088	8.301424060263011
40	170	2	2	5.276081232565031	13.951367060911561
40	171	1	1	2.756581442704251	7.598741250261451
40	172	1	1	2.67469936398081	7.1540166876793485
40	174	3	3	10.469860830944377	36.59559916745344
40	175	2	2	5.668260514683709	16.17903660862344
40	176	2	2	4.511925415550822	10.235871006361382
40	177	1	1	4.067008107793915	16.540554948861438
40	178	1	1	2.5353616564155734	6.42805872882232
40	180	1	1	3.9680520585731194	15.74543713954637
40	181	1	1	3.528458356661722	12.45001837469594
40	182	1	1	3.4429924582757563	11.854197067743735
40	184	1	1	3.1648561206981047	10.016314264720256
40	185	2	2	5.484599916901303	15.175467651958508
40	186	2	2	5.052383294310713	13.10658205034257
40	187	2	2	6.793488719691421	23.510591297902835
40	188	2	2	5.288631324089364	14.001382290718979
40	189	1	1	3.347307683003178	11.204468724692102
40	191	1	1	3.667262444804845	13.448813839076008
40	192	1	1	3.7826520578735976	14.308456590935362
40	193	1	1	3.38145189573865	11.43421692319451
40	194	2	2	6.1303079640612985	19.008260504983486
40	195	2	2	7.744154194438972	30.05975771345816
40	199	1	1	3.3901967466754397	11.493433981168735
40	200	4	4	15.425862172586529	59.644994729595965
40	202	1	1	2.949237762247906	8.698003378269036
40	204	2	2	5.933620320402076	17.877163639350552
40	206	1	1	3.1715558907259203	10.058766767998286
40	209	1	1	3.6396546240611696	13.247085782449854
40	212	1	1	3.7477349125353494	14.045516974636342
40	213	2	2	5.044962528354113	12.78111702948183
40	214	1	1	3.792988927222091	14.386765002029389
40	216	1	1	3.782214701450722	14.305148047869976
40	217	1	1	4.086585522287394	16.700181230968933
40	219	1	1	4.165052698820465	17.347663983951637
40	221	1	1	3.6481620816674334	13.30908657411606
40	223	1	1	3.7330939706960997	13.935990594047572
40	224	2	2	7.280454943615093	26.517661467287287
40	225	1	1	3.610023984010122	13.032273165128313
40	227	1	1	3.0171767488508796	9.103355533806363
40	228	3	3	11.206868763139791	42.74275668209794
40	230	1	1	3.656927475558487	13.373118561494568
40	233	1	1	3.587876545228891	12.872858103803603
40	234	2	2	5.965805460178432	17.795418370987317
40	238	1	1	4.058922061333518	16.474848299979932
40	240	3	3	11.128198568507635	42.61136295614195
40	243	1	1	3.874671376601016	15.013078276651212
40	245	1	1	3.567924659444554	12.730086375472538
40	246	1	1	3.912318611242781	15.30623691587664
40	248	2	2	7.4902815816813115	28.05404260629971
40	252	1	1	3.721010586007844	13.84591978118244
40	253	1	1	3.3777375814865245	11.409111169386435
40	256	1	1	3.8810291064276163	15.062386924938343
40	261	2	2	7.131302909379118	25.523929840502895
40	263	1	1	3.9207719587324488	15.372452752382683
40	265	1	1	3.6508308908746145	13.328566193764331
40	266	1	1	3.6603713917515788	13.39831872555339
40	269	1	1	4.127011253125939	17.032221883428136
40	270	1	1	3.9099900314879465	15.288022046335113
40	272	1	1	2.2127661340201557	4.896333963866505
40	273	1	1	3.0162404868084276	9.09770667426234
40	275	1	1	3.7710502864340727	14.220820262814502
40	277	3	3	11.958458226096795	47.78771208594294
40	278	1	1	3.729226176037818	13.907127872045645
40	280	1	1	3.4872524151968434	12.160929407296218
40	282	1	1	3.6287075759096927	13.167518671464398
40	283	1	1	3.079331380578856	9.482281751417682
40	284	2	2	6.734468923137875	22.913595968605637
40	286	2	2	6.583255675297879	21.82106367861578
40	287	2	2	7.164969019484744	26.511828132894316
40	292	1	1	3.6822330558409635	13.55884027752788
40	294	1	1	3.902624745053693	15.2304799007054
40	297	1	1	3.787499075862997	14.345149249663057
40	298	1	1	3.7190828304879755	13.83157710003045
40	300	1	1	3.802118907868226	14.456108189569072
40	302	1	1	4.001802340454975	16.014421972070917
40	310	1	1	3.9824100164844567	15.859589539395731
40	315	1	1	4.057172207933496	16.460646324827955
40	316	1	1	2.9276655497734447	8.571225571330247
40	317	2	2	7.401062614543839	27.53995060420081
40	319	2	2	7.706774716918081	29.743001246440386
40	320	1	1	3.4366074626479812	11.810270852327795
40	322	1	1	3.990563858229053	15.924599906603946
40	323	1	1	3.618378814794106	13.092665247350798
40	324	1	1	3.558884431361137	12.665658395784684
40	325	1	1	3.913396859166614	15.31467497733512
40	332	1	1	3.9268403590277092	15.420075205288867
40	340	1	1	3.96835850551428	15.74786922828753
40	345	1	1	3.5520023725056986	12.616720854286111
40	346	1	1	3.7145238512778485	13.79768744171202
40	348	2	2	7.196767623203405	26.704812605754956
40	358	1	1	4.2132007668324	17.751060701637122
40	360	1	1	4.143886881926539	17.171798490202853
40	361	1	1	3.5650089988566185	12.70928916192867
40	363	1	1	3.3438851976109025	11.181568214801304
40	365	1	1	4.321937262502441	18.679141701007097
40	370	1	1	3.796488802386049	14.413327226642656
40	374	1	1	2.6242072328749098	6.8864636010729905
40	377	2	2	7.403753497695516	27.42063543736786
40	384	1	1	4.076712115167782	16.619581669955767
40	386	1	1	3.4472109557199055	11.883263373235344
40	387	1	1	3.567417276592219	12.726466025328646
40	391	1	1	3.9581753316018293	15.667151955701252
40	393	1	1	3.9230418815533903	15.390257604421965
40	396	1	1	4.08476562236375	16.685310189644714
40	406	1	1	4.050254056382087	16.40455792123955
40	409	1	1	4.010151138704633	16.081312155254064
40	414	1	1	3.8163162970135054	14.564270078850873
40	416	1	1	4.136695478795334	17.112249484285755
40	419	1	1	4.216128758754234	17.775741710394517
40	422	1	1	3.434916578930337	11.79865190421049
40	429	1	1	3.5758622320460054	12.78679070257304
40	431	1	1	4.246203873476051	18.03024733512302
40	432	1	1	4.007938506639769	16.063571073005818
40	433	1	1	4.035753621393992	16.287307292594722
40	440	1	1	4.092604361140741	16.749410456828212
40	443	1	1	3.5950394492408355	12.92430864159785
40	447	1	1	3.5958841627322293	12.930382911788467
40	451	1	1	3.3584286299638673	11.279042862560978
40	453	1	1	3.782092649459255	14.304224809093725
40	461	3	3	11.840409401639954	46.74903721209893
40	463	1	1	4.151615146140322	17.235908321661725
40	465	1	1	4.2025693927540955	17.661589500913525
40	468	1	1	4.007563564438929	16.060565723018453
40	474	1	1	3.9810055975763237	15.848405567934021
40	481	1	1	4.09478276998588	16.767245933373236
40	486	2	2	7.9172266653903876	31.371890751732963
40	490	1	1	4.2244585383793956	17.84604994248658
40	496	1	1	3.9628629222032625	15.70428254017338
40	498	1	1	3.9591629148738456	15.674970986512365
40	499	1	1	3.926077453442414	15.414084170428872
40	501	1	1	4.149583993184223	17.21904731649072
40	504	1	1	4.001588883263946	16.012713590661598
40	507	1	1	4.173717042245643	17.419913948731722
40	516	1	1	3.818288853392345	14.57932976794023
40	529	1	1	3.6146820412203584	13.065926259120976
40	546	1	1	4.161836498596492	17.32088304104991
40	551	1	1	4.099776929130087	16.808170868627325
40	556	1	1	4.10351758997962	16.83885661127215
40	561	1	1	3.8168982942205667	14.568712588423871
40	563	1	1	4.16535595938049	17.35019026834656
40	570	1	1	3.7287796294320317	13.90379752486728
40	579	1	1	4.220843069414452	17.815516216624015
40	584	1	1	4.222636250377499	17.830656903002144
40	585	1	1	3.9030647785445223	15.233914665514801
40	591	2	2	7.877443382335638	31.036413970491118
40	619	1	1	4.079853684786722	16.645206089267795
40	625	1	1	4.071209739593432	16.574748743760424
40	648	1	1	4.0938831905983974	16.759879578264115
40	652	2	2	7.97877908227616	31.89200860399528
40	712	1	1	4.084848341292194	16.685985971357585
40	736	1	1	3.7278130335483386	13.896590013092867
40	749	1	1	4.062593086617523	16.504662587432488
40	781	1	1	4.019814149739349	16.158905798444685
40	815	1	1	4.065565007541491	16.528818830545845
40	856	1	1	4.072344867106193	16.583992716646158
40	865	1	1	3.811341323148207	14.526322681537124
40	866	1	1	4.098818335835	16.8003117501772
40	872	1	1	4.058164737184971	16.468701034131566
40	932	1	1	4.062115357893922	16.500781180837667
41	0	99	0	0.0	0.0
41	1	5169	169	508.4973456198428	1676.7893230558366
41	2	2307	131	338.0041866529202	974.6292739926936
41	3	1401	113	283.7130520307686	827.7579005888065
41	4	969	98	237.76698447370927	669.7494348667205
41	5	732	105	245.00401744977415	661.910641000715
41	6	486	73	155.64378819091684	394.96675671532853
41	7	432	101	236.0229059681223	667.6412712691047
41	8	345	74	154.67214509347951	403.8006330226081
41	9	339	68	142.43165805014544	358.4189227007873
41	10	303	79	163.7041272478087	416.0608446319429
41	11	252	67	140.09418703952082	366.56943265521625
41	12	207	53	108.49320311137357	276.0565695394478
41	13	153	40	83.60486949299	212.44205404766396
41	14	159	54	116.59115615880354	300.1177547166769
41	15	147	46	93.60689794188718	232.95589517319019
41	16	141	58	110.09243622621139	270.4516862179429
41	17	75	29	63.827530824925994	155.443650799156
41	18	129	51	101.68741266147931	242.79037189753296
41	19	102	31	50.67317735566347	111.74188963328218
41	20	120	48	88.14797818783545	204.53314560273864
41	21	111	40	86.54520699339062	234.14071896197112
41	22	81	28	59.67248482408449	155.44578335273104
41	23	60	24	43.60236892602964	94.46788634169313
41	24	57	30	68.24398971684758	190.67357004142946
41	25	84	41	78.3790714107562	190.85536565452313
41	26	75	37	73.68338793405789	182.30129117532474
41	27	54	28	62.88142151218075	177.97395602338736
41	28	75	42	95.36454705854891	259.44045918785025
41	29	45	20	52.648784783306915	160.90737574329964
41	30	60	30	66.72652780122166	182.50954901086126
41	31	33	15	28.30347009672662	64.23660458644144
41	32	45	22	35.79764857937174	79.99614120709501
41	33	54	30	48.501699162525945	99.55555066180844
41	34	36	18	35.128168966785	87.11999822340434
41	35	24	11	19.07395547604856	44.002974979873535
41	36	42	21	39.74727149827606	97.35659772538527
41	37	39	23	44.69357330852762	108.67066311093305
41	38	27	15	30.751916298985268	76.29376965592431
41	39	54	32	61.753355501606535	149.45653798208136
41	40	36	14	32.69905969318407	85.22351054560608
41	41	24	16	26.69248981753041	56.07079206553566
41	42	27	11	26.62006359216682	77.51675232923465
41	43	27	17	37.23768341558763	98.28276748437798
41	44	33	22	42.93070732716697	113.46932534908188
41	45	24	13	25.251173926114763	58.249671943972764
41	46	33	20	33.98984831329455	71.3129484833576
41	47	27	18	37.60402393684559	96.88110686055028
41	48	18	13	28.021360355157736	76.99380316220746
41	49	18	14	24.62402128704511	59.30475069807973
41	50	9	6	13.86374572496996	42.059761555585155
41	51	30	23	46.143324492214376	120.76616780919431
41	52	39	25	42.07309469692494	98.05246542172488
41	53	30	23	43.383485370831394	99.9312119888575
41	54	30	17	37.645529920090006	105.67649363036848
41	55	30	22	40.30340646825452	91.13952329988234
41	56	18	10	21.153169574559133	49.64158434220376
41	57	21	14	27.387651098571656	72.07746372358775
41	58	21	16	32.49301934448074	81.99726148775791
41	59	9	6	14.404471882391768	37.380594460683895
41	60	21	16	35.68227563585302	100.0525379682591
41	61	3	2	4.519411236427617	10.427571152214913
41	62	9	7	15.14113537805818	39.83540423355264
41	63	9	4	6.3326574356738945	13.71865697432323
41	64	36	25	57.62529376085514	153.1081531788241
41	65	21	17	32.7155721023984	80.90035250034916
41	66	18	11	24.10378272833018	63.31679718142885
41	67	12	8	20.372137142579277	61.56301499497572
41	68	24	17	42.00331933391946	123.02916035475391
41	69	18	11	22.508028448045785	57.74382867301652
41	70	12	9	26.122236005329743	83.51459082826298
41	71	9	7	10.640646453985992	20.33989152271204
41	72	21	15	29.507088608974247	71.24682303671264
41	73	15	11	22.14523384887752	66.16275222928859
41	74	9	6	19.085718962104956	63.93824622503698
41	75	15	10	17.917231948810603	39.18062971140776
41	76	12	9	17.491466967451586	45.01829447413837
41	77	15	11	20.05505400508432	43.149421389959514
41	78	21	14	25.696641055154934	64.20133440410596
41	79	15	12	24.410463684618286	60.12022737490474
41	81	9	8	15.879096075822149	43.46141862332101
41	82	18	13	29.071895375430095	85.42142145771028
41	83	18	15	34.4671739678871	97.74043696300548
41	84	12	8	17.19545668518154	44.339943788098125
41	85	15	12	23.262459476529912	54.59608957605357
41	86	12	8	15.192855895591105	37.6752882119784
41	87	21	18	39.325188979337796	102.11402800319334
41	88	12	7	16.910525350596778	48.568817708163046
41	89	15	12	25.629529091538423	66.915858847546
41	90	9	6	13.689183259342803	38.62274968288841
41	92	15	10	21.61100069921287	61.78769537976933
41	93	12	10	22.63209827083756	64.28127340248861
41	94	15	13	28.387140097148663	74.53535070428245
41	95	6	6	13.547988285967776	37.96509317685625
41	96	12	10	23.398617332560978	65.30680590824456
41	97	9	5	9.25304237328023	24.722277437917445
41	98	9	6	15.300017121842178	44.74865514981003
41	99	15	13	26.516994481304476	69.56818656576871
41	100	3	2	4.242799162162319	10.94813811314933
41	101	6	5	13.011981915956698	38.537699537562695
41	102	9	8	19.526048658902717	58.10707994244024
41	103	12	10	16.543567814050594	34.47970482958716
41	104	6	5	10.567252560454417	24.024899654531275
41	105	9	7	14.73807314055348	39.746634355972645
41	106	9	7	13.261002166893064	31.935567637608802
41	107	3	3	4.824257321505787	10.509039802882281
41	108	9	7	13.298580963352032	32.01220682820789
41	109	3	3	6.101690198526107	16.370205748975984
41	110	6	3	9.949363973013082	33.907137831928615
41	111	6	6	9.829406813241105	25.86049115465081
41	112	6	6	12.11920883617492	28.3713894235595
41	113	12	9	16.56694727144277	39.045711819319
41	114	21	20	45.21551917890115	128.83051267591765
41	115	9	6	13.67369708340137	37.058940076585635
41	116	3	3	6.394427566283556	15.894950793134802
41	117	3	2	4.683684238709484	11.612896692888487
41	118	18	15	33.33856687610269	91.67726735140035
41	119	15	11	20.82183716390809	51.53947336272276
41	120	9	7	14.61143318623011	37.22961358679876
41	121	12	11	23.324531718668158	62.16567971264436
41	122	9	9	19.61398212960387	55.70020336766561
41	123	3	3	5.290687477898399	12.370423202723318
41	124	6	5	16.540592036925123	55.37008023629397
41	125	15	12	30.430449351928836	94.34838270472684
41	126	9	8	17.645252587283604	46.46327748516007
41	127	3	3	5.725942364332985	15.321088368302542
41	129	6	6	11.30554902887818	26.625741177927786
41	130	6	5	11.287887827156503	29.800329266748612
41	131	12	12	26.118142596322976	71.78576364304783
41	132	6	5	11.121950369537503	33.04861745726476
41	134	21	20	42.538232452143035	115.16659108810515
41	135	3	2	6.473983735438996	20.964843230940566
41	136	6	5	8.436725915990985	19.241165780391405
41	137	6	5	11.314289311761003	31.557817392059345
41	138	6	6	13.242984935718395	38.13383625370481
41	139	9	6	13.100476498656196	34.33807467610584
41	140	12	9	19.303626934862603	52.31896023566254
41	141	3	2	6.348293781253193	20.308349795858668
41	142	6	6	14.789868260707316	43.59935745153329
41	143	3	3	5.3459843137541725	10.309081585175747
41	144	6	6	14.787286035581065	39.16838411530303
41	145	9	8	21.085282167592446	62.88440719464437
41	148	3	3	10.912415202521007	40.12500806588211
41	149	3	1	3.0195256027765525	9.117534865823103
41	150	6	6	13.75663490299036	40.07927270064613
41	151	3	3	4.994661603889158	10.700323425999127
41	152	15	12	32.791208827053595	103.54003525788944
41	154	6	5	12.304552912311282	35.80541084298615
41	155	3	3	6.353823609077651	17.81597148943358
41	158	3	2	4.226085602806409	9.968209758031183
41	159	6	5	10.938817320013047	27.024491536349878
41	160	6	5	12.571138386712601	36.96065799224309
41	162	3	2	5.390150834934052	16.755715394645545
41	164	6	5	11.036058683369035	31.144258134377875
41	166	3	3	6.66995072115148	19.932338718430213
41	167	6	6	13.932949356991507	38.98455319580128
41	168	6	5	12.391897937399147	33.60018900614679
41	169	3	3	6.7964244849659	18.623891734880175
41	170	6	4	9.463398784228016	28.52285623870057
41	171	3	3	6.834916361921517	19.343469324710824
41	172	3	3	5.995608131689747	15.434103782285224
41	174	9	9	19.00847980372332	51.76180709739842
41	175	6	5	9.82515566282739	24.9557676764016
41	176	6	6	11.144878574280138	28.550068061327
41	177	3	3	7.27925173600055	20.095289557749894
41	178	3	3	7.427651995023888	21.098278364556418
41	180	3	3	6.713501635309877	17.333669780468984
41	181	3	2	6.6246652517428135	23.66707562133991
41	182	3	3	5.525841176348871	13.584924169473563
41	184	3	3	5.56757186992143	13.653356616700549
41	185	6	6	13.48893264115286	35.09049933593864
41	186	6	5	11.073015397237345	31.549804335173096
41	187	6	5	10.252111916872158	26.03172612923725
41	188	6	6	9.596149138802483	24.164026847596254
41	189	3	3	4.804566353367754	9.72041022770001
41	191	3	3	8.585157734681445	25.72745467024867
41	192	3	3	4.397675394974685	9.659311648035978
41	193	3	2	4.911710043633765	13.224157763146957
41	194	6	4	8.158340430823959	19.566194622318562
41	195	6	6	13.506433371074566	40.81343475800033
41	199	3	2	4.316206517715844	12.308188234406527
41	200	12	9	26.897911095797298	87.22573179979507
41	202	3	3	7.913493235759354	22.752172012535475
41	204	6	6	10.852061620040809	28.487965093628627
41	206	3	3	9.696210448018956	32.03492394074176
41	209	3	3	8.491156076377049	24.883245244146053
41	212	3	3	8.166366790261586	25.34744658559175
41	213	6	6	11.25025825947166	29.426336032547614
41	214	3	3	6.7894245434514096	19.90114203701321
41	216	3	3	5.328787273317564	13.455792667372762
41	217	3	3	7.684955439937141	22.439749831422056
41	219	3	3	9.868031463526773	32.61809841854077
41	221	3	3	7.729157398905898	24.476960976637134
41	223	3	3	5.871908219473015	17.687460946936067
41	224	6	5	13.122311639747787	40.62226301288559
41	225	3	3	7.14513389789947	23.43167078826027
41	227	3	3	5.673324497770737	14.307798171346393
41	228	9	9	21.03143032274859	62.0782881938792
41	230	3	3	6.884354385214968	17.634597099791176
41	233	3	3	9.470339225141796	29.92110052745104
41	234	6	6	14.66466360426072	42.51015844538474
41	238	3	3	6.294729285805099	17.03393655169731
41	240	9	8	21.98725713524898	66.72759628531426
41	243	3	3	9.168812594756352	28.938128212047737
41	245	3	3	7.2276677798911235	20.220085990144508
41	246	3	3	9.872243467292726	32.65826292133644
41	248	6	6	17.019614546534935	52.10361933246653
41	252	3	3	7.513081302331318	21.238053649976266
41	253	3	3	4.882480530371344	12.58970065878363
41	256	3	3	9.412372347176854	29.575170911302138
41	261	6	6	15.176378409694923	48.47436644495257
41	263	3	3	7.739642386443633	21.770337948993316
41	265	3	3	8.944115435616808	27.92912262460805
41	266	3	3	6.354076625910427	14.908414973772594
41	269	3	3	6.968544353694067	18.801418529390197
41	270	3	3	8.965884936950323	30.681738441647447
41	272	3	3	7.9147578013186966	21.904845404039587
41	273	3	3	6.623975085574896	20.81838124229692
41	275	3	3	6.486011163631591	16.305804687199217
41	277	9	9	21.842406200965925	64.0427048678919
41	278	3	3	6.823109601599531	20.189721306209172
41	280	3	3	5.556353999454593	15.363291011178182
41	282	3	3	6.585856453081356	19.841068758145322
41	283	3	3	5.389172369460115	15.093078319839226
41	284	6	6	13.219873420627597	36.91604243954502
41	286	6	6	16.080084149522452	50.84298496850714
41	287	6	6	15.47175727019755	45.363556098267296
41	292	3	3	8.936249888563351	28.692325311837063
41	294	3	3	6.739364965149974	20.425549152498764
41	297	3	3	7.511561759903814	25.006337301613083
41	298	3	3	9.850405415260283	32.72840901641993
41	300	3	3	6.41049018283194	17.71067239979383
41	302	3	3	9.306909493044751	30.464524309894006
41	310	3	3	9.001027028731837	29.109686428926278
41	315	3	3	5.5656233312297365	12.77064840267277
41	316	3	3	6.427236760091235	20.094842487993137
41	317	6	6	12.979148811132092	36.084057770226494
41	319	6	6	17.27572299784266	57.451651575757644
41	320	3	3	8.805482510467424	27.562559472583764
41	322	3	3	10.132519658417863	34.65997812526108
41	323	3	3	5.878079032201219	16.518812525343062
41	324	3	3	9.901078020616184	33.069617317408394
41	325	3	3	10.176846708983108	35.48327966824985
41	332	3	3	6.613241319613387	20.7926604608398
41	340	3	3	9.450831729733997	29.995493243534092
41	345	3	3	6.368340186763063	16.268868533687105
41	346	3	3	6.324642700910388	15.648643310041397
41	348	6	5	12.289839550132363	38.23979043387175
41	358	3	3	9.803117656057461	32.297265853638415
41	360	3	3	8.315253585097217	25.034780750662875
41	361	3	3	8.573788469142041	25.834014591786076
41	363	3	3	8.394634388184345	25.20470767159229
41	365	3	3	10.366131632863585	36.63550893224924
41	370	3	3	9.919119875319634	33.1988503748554
41	374	3	3	7.203912151558084	20.376661973206307
41	377	6	6	17.06951155952444	52.854472449488576
41	384	3	3	9.916989219845542	33.21241006983813
41	386	3	3	6.351483113229338	16.74931484078223
41	387	3	3	8.686505626398734	26.962088649425272
41	391	3	3	7.337281746976754	24.316937737419817
41	393	3	3	6.329380111746759	18.29588842357426
41	396	3	3	8.127254378310624	24.623753326874002
41	406	3	3	8.84940782333216	28.324147253186066
41	409	3	3	10.49247393280423	37.557966070632176
41	414	3	3	9.682188640111871	31.529141754180113
41	416	3	3	7.9562291678612285	25.877648170816588
41	419	3	3	10.19802833655467	35.452573806484324
41	422	3	3	8.45103666022616	24.772080095990056
41	429	3	3	9.257500091211917	28.833292348497025
41	431	3	3	7.937187917852174	24.81182600521811
41	432	3	3	10.046590109354877	34.267957298382974
41	433	3	3	10.455887457169764	37.83299957488714
41	440	3	3	7.949620274271065	25.883798303904207
41	443	3	3	9.781505872631318	32.39788947561044
41	447	3	3	10.023400192799173	34.28993426796074
41	451	3	3	8.840897640945325	28.097897315754828
41	453	3	3	6.902811082260133	23.245396530358427
41	461	9	9	24.438447469727322	79.70249597500815
41	463	3	3	10.506119433401164	38.07179141992959
41	465	3	3	10.308392970682045	36.734754196225424
41	468	3	3	10.177668427723324	35.76253563125521
41	474	3	3	9.384424677698568	29.693055421110074
41	481	3	3	9.254520715778558	28.795930056306915
41	486	6	6	16.802291249598795	51.41256660538394
41	490	3	3	9.841710166525912	33.268197145227404
41	496	3	3	9.79419386589564	32.91180512094026
41	498	3	3	10.127265052979835	34.99240271558553
41	499	3	3	9.88337673003316	33.5212286692333
41	501	3	3	9.740104280500283	32.435227821715706
41	504	3	3	9.31294149871638	31.415446125246525
41	507	3	3	8.76527378627489	28.083878278810687
41	516	3	3	8.802758911161284	28.707799025952006
41	529	3	3	7.933715954543874	23.796902424169474
41	546	3	3	9.986764829610623	33.99549657991579
41	551	3	3	9.661962210671753	31.82562967294236
41	556	3	3	8.595822878718769	27.127503964981788
41	561	3	3	9.775993654772996	32.59322531495081
41	563	3	3	9.587549407271897	31.82212588147226
41	570	3	3	7.578834376056437	22.81689207687831
41	579	3	3	9.881510358498227	33.58881285842325
41	584	3	3	10.284772803056278	36.53602351539861
41	585	3	3	7.469590182979058	21.27705452020017
41	591	6	6	18.270063726724306	61.02040471516765
41	619	3	3	8.48403069669288	27.853014926547242
41	625	3	3	10.241434832206414	36.418345521377866
41	648	3	3	8.729182466605868	29.953395745202464
41	652	6	6	19.290742989934994	66.51042503323666
41	712	3	3	10.154928497156797	35.43854941064267
41	736	3	3	9.112084703965408	30.207779563165168
41	749	3	3	10.15035831736244	35.84363748027411
41	781	3	3	10.393250541996851	38.76024685031809
41	815	3	3	8.8422251209724	31.529946657884395
41	856	3	3	10.082798902785024	35.25466044118413
41	865	3	3	9.98520426294191	35.00243977003801
41	866	3	3	10.070703042276634	35.53011960097688
41	872	3	3	10.142540244287709	35.87612914445376
41	932	3	3	10.163086810493704	36.20460277245739
43	0	99	0	0.0	0.0
43	1	5169	324	816.4159569534979	2635.7306510780454
43	2	2307	234	492.00502540144385	1352.0543370913747
43	3	1401	203	419.85142792830624	1248.907940446507
43	4	969	181	329.06896559828283	869.6169574375631
43	5	732	163	321.38162910027495	853.0346171334099
43	6	486	125	239.0495551265839	608.8999714656319
43	7	432	136	243.28629529031736	608.4794032034565
43	8	345	114	194.3699350166094	457.63191411436725
43	9	339	121	221.22035554525874	580.2052133430878
43	10	303	131	238.4142792104751	626.8922145834907
43	11	252	96	196.96009433100073	571.1719203442649
43	12	207	87	138.03169565605873	338.727786401617
43	13	153	64	111.0827379159778	279.65546632831985
43	14	159	70	129.52600640617362	337.6412051849296
43	15	147	67	118.1969616113071	345.70002753983937
43	16	141	73	134.28578844744322	332.06730615765457
43	17	75	37	73.84332662150744	184.3818866138656
43	18	129	70	132.7032766860384	328.9512676548769
43	19	102	52	82.86497803135018	213.370047158872
43	20	120	62	124.4178258182498	349.17153494033676
43	21	111	56	111.23027205608521	310.6168961149982
43	22	81	46	93.64430598141934	255.82105472177466
43	23	60	33	68.35426488998925	193.06649974208082
43	24	57	35	79.71872194674506	231.32550623978054
43	25	84	49	111.91175457573084	327.5533913255359
43	26	75	48	82.92852583736865	196.28211053822014
43	27	54	32	60.91489138383747	166.84816603493707
43	28	75	50	98.60863451870969	249.8580335918778
43	29	45	24	48.12478602378486	112.58396077595569
43	30	60	38	79.02729202542099	205.45929090590383
43	31	33	21	46.92466920427821	133.49768392784995
43	32	45	28	47.42851114054273	111.94167182335102
43	33	54	35	78.00145856208594	223.62250636994534
43	34	36	22	54.144927376449765	158.71185136098822
43	35	24	13	27.90079701552394	69.09885112875648
43	36	42	27	65.1410159075117	199.82314683270474
43	37	39	25	56.126980670545464	165.51957831913757
43	38	27	17	34.74433214178195	89.3747848775235
43	39	54	35	74.06748811528553	187.1573925151905
43	40	36	23	53.87929746044342	151.37203124046113
43	41	24	16	37.112613892888334	110.43078576108611
43	42	27	18	37.040558609210784	97.11511367889668
43	43	27	18	39.74639882661331	101.90163723463839
43	44	33	23	58.32790893746927	168.70018611467037
43	45	24	16	36.295213650795574	100.02560767006322
43	46	33	21	50.512415030127094	145.4759629992838
43	47	27	18	45.94225895059004	143.70227989436427
43	48	18	12	27.879183166470625	70.3629519993775
43	49	18	12	27.74613543478992	74.26957984951974
43	50	9	6	11.772846553366143	27.38549218365286
43	51	30	20	44.96699557928313	112.16319058803269
43	52	39	26	62.65830292249093	172.2773326331098
43	53	30	21	55.86758932083593	170.04173719602872
43	54	30	20	44.19780280590699	121.86962441934661
43	55	30	20	51.00593553112731	135.93889524654574
43	56	18	12	30.295339432032996	92.36563677212455
43	57	21	14	34.85969311396668	103.83307825737796
43	58	21	14	35.47893216859827	105.01290862030439
43	59	9	7	22.611402086060075	77.31198339096755
43	60	21	14	35.552840831692805	99.00347537028621
43	61	3	3	7.667997814438772	26.351796699995045
43	62	9	6	12.091676364100108	25.68978910432214
43	63	9	5	5.0568258482604795	6.1256964265277025
43	64	36	24	58.83271697361853	167.97169796744205
43	65	21	14	39.369349244020974	121.11151504382667
43	66	18	13	39.18517996304055	128.653284361345
43	67	12	8	17.516256583833282	45.368300543168516
43	68	24	16	40.620780870017285	111.03184707623925
43	69	18	13	35.777893888882886	117.43650063338195
43	70	12	8	20.831063921174568	60.59317898706943
43	71	9	6	11.71223527676542	24.9455508765351
43	72	21	14	42.74312121162801	149.24406931696913
43	73	15	10	29.049245623890823	102.29895011659336
43	74	9	6	16.35667113583804	47.75056786712607
43	75	15	10	29.705968334855957	95.53106093978897
43	76	12	8	21.904642583067787	65.99231362022516
43	77	15	10	27.01026359528841	83.59166766312826
43	78	21	15	41.271232768771476	127.26473082126581
43	79	15	12	38.56511034787252	141.74554738613105
43	81	9	6	16.05865343227893	44.5381288621562
43	82	18	13	39.07501826898816	134.6827827740902
43	83	18	12	33.10794920560376	98.79442624327312
43	84	12	9	29.573147020471342	105.24902101606958
43	85	15	10	27.51160495416439	88.36275626905454
43	86	12	8	23.837893054048045	75.85845256139798
43	87	21	14	43.893177782003114	148.49472196671329
43	88	12	8	26.67641484218909	90.98433865681412
43	89	15	10	26.490148686274605	74.75230855690643
43	90	9	6	15.925100453789781	46.53279164167122
43	92	15	10	29.836992905103845	91.19097356808166
43	93	12	8	28.755671254300577	108.4760115126227
43	94	15	10	31.078983249932758	104.24809781509549
43	95	6	4	11.671891354772878	36.96996512310855
43	96	12	8	23.505883714911246	71.77203590310083
43	97	9	6	20.690486573531008	76.9913076503321
43	98	9	6	13.139499066245346	38.44884875451004
43	99	15	10	29.69628554679602	90.97802523730674
43	100	3	2	6.129392589037265	19.233265275270696
43	101	6	4	12.58819266443545	39.851643999151904
43	102	9	6	21.750970167173264	82.50144660842767
43	103	12	9	27.222661738245662	90.71845616018638
43	104	6	4	13.493279426902033	47.845889478345875
43	105	9	6	17.52018318788133	54.32018436874949
43	106	9	6	18.187081767913213	59.32213136843056
43	107	3	2	5.49470409935749	15.859255156176555
43	108	9	6	20.567297382617358	72.52359347149269
43	109	3	2	6.127104957825672	18.997747544011858
43	110	6	4	9.535975953255479	25.335306591455613
43	111	6	4	15.217550606435811	60.262017205014786
43	112	6	4	12.579821480603318	40.84282241152048
43	113	12	9	28.045090489226027	93.08326415994466
43	114	21	14	44.56140485825128	145.40340740084406
43	115	9	6	22.85202873844092	88.44469414172568
43	116	3	2	5.963931340415864	17.887104532414245
43	117	3	2	7.930304981946673	32.02370782648779
43	118	18	12	36.59407741815466	115.47044791994428
43	119	15	10	32.68131418135366	114.02732553569763
43	120	9	6	20.419345363660483	71.31682727157116
43	121	12	8	23.074434899731457	70.81582674560248
43	122	9	6	16.262489495591915	45.80918389053749
43	123	3	2	5.716333298769907	16.67447508101349
43	124	6	4	11.236557866761586	33.98829986868533
43	125	15	10	34.102523076361855	117.61892477568426
43	126	9	6	20.897353362569078	74.53014565517074
43	127	3	2	7.772291709198685	31.12177771881842
43	129	6	4	11.440492633476737	34.35404679790959
43	130	6	4	12.641649287888232	40.86581275235784
43	131	12	8	28.805436881995885	106.43998366612601
43	132	6	4	14.827561613621922	56.94050402641515
43	134	21	14	42.98907058897156	138.3870166853959
43	135	3	2	5.26120469544556	14.033178201946457
43	136	6	4	11.73449171593662	35.066671783854346
43	137	6	4	11.306683966448691	32.6821465151234
43	138	6	4	12.792164357553812	41.29868553817715
43	139	9	6	19.13079338343614	62.33107038828234
43	140	12	8	25.470706849561545	85.6615217312809
43	141	3	2	7.437767153510173	27.66082102451769
43	142	6	5	17.62511546823673	62.884193711475554
43	143	3	2	7.684002168096395	29.53798412318109
43	144	6	4	12.74564037094694	41.211602525091585
43	145	9	6	19.9398100227978	70.34035612489956
43	148	3	2	6.402672305690329	22.188995347559313
43	149	3	2	6.934548992709885	24.212594824769575
43	150	6	4	12.7765164876418	46.947942164462894
43	151	3	2	6.515426089854765	21.618660816551692
43	152	15	10	33.03033717945761	111.71106799678671
43	154	6	5	19.20085934870382	74.33111895939567
43	155	3	2	6.135947805751817	19.64912757949447
43	158	3	3	13.550293684048256	61.71926062424879
43	159	6	4	12.372984930629986	39.73537066187986
43	160	6	4	12.95533753205074	42.2266511563201
43	162	3	2	7.964329369182751	31.729135281103915
43	164	6	4	15.512455563175303	62.69497569725088
43	166	3	2	6.915288371648323	23.920744293988882
43	167	6	4	15.967142775576994	66.66389639942798
43	168	6	4	14.777714486799963	55.63529439211241
43	169	3	2	7.036169825305282	25.093854326744307
43	170	6	4	13.161316463387559	43.907014037390866
43	171	3	2	6.813193751765425	23.224376150515695
43	172	3	2	9.030057012228768	40.90236278401426
43	174	9	6	21.49224855175272	78.31216705308343
43	175	6	5	16.116340143312957	54.652758956568555
43	176	6	5	18.36904821124348	68.43430820237643
43	177	3	2	7.191404449222967	25.984928872316253
43	178	3	2	6.771971554134781	22.92994894708145
43	180	3	2	6.688035066716468	22.648992323209118
43	181	3	2	8.369911896238893	35.081633614081206
43	182	3	2	5.9145466492226	18.63739930101565
43	184	3	2	7.711668182448578	29.800471542535945
43	185	6	4	15.863610247680118	64.34346423099021
43	186	6	5	17.919119126351532	64.58353643447974
43	187	6	4	11.55871108517501	34.3918394941885
43	188	6	4	13.848940646168487	50.147694522072314
43	189	3	2	6.281831722085104	20.027668947378743
43	191	3	3	10.555158955922762	37.68229153407141
43	192	3	2	8.334270356046538	34.909009870866754
43	193	3	2	5.861551336439335	17.270848755637193
43	194	6	4	12.86481492257066	42.348270775964096
43	195	6	5	18.80707541367567	70.92664301035649
43	199	3	2	6.612610054058882	21.944870929590948
43	200	12	8	28.81752837248392	105.8897873803545
43	202	3	2	8.651837092639889	37.68174978899347
43	204	6	5	19.619464076539973	77.13091188294051
43	206	3	2	6.422161425228383	20.775325420633187
43	209	3	2	6.109465230784599	20.114872426916147
43	212	3	3	11.028502813685177	40.753786127573036
43	213	6	5	17.25447409565148	60.26633933790868
43	214	3	3	10.677101566420822	38.27980850527964
43	216	3	2	7.5044323510432065	28.244520597074917
43	217	3	2	7.740757367873693	31.01396373845978
43	219	3	2	5.512199717319087	15.436100570961607
43	221	3	2	6.835980567301645	23.566504442412217
43	223	3	3	11.6213417317764	45.22004336135105
43	224	6	4	13.373929459229197	46.48270113202432
43	225	3	2	6.777230214505263	22.965731350493414
43	227	3	2	7.9778867311722985	31.84007562790535
43	228	9	7	23.97667060319412	83.41682346878164
43	230	3	2	6.815603240829951	23.338049523325445
43	233	3	2	8.897642043963462	39.70136436180778
43	234	6	4	14.505222837999936	54.070388105962195
43	238	3	3	12.244274742587251	50.17818333635033
43	240	9	6	21.026017591703923	77.06749530300273
43	243	3	2	7.7234764317041975	30.032168840987197
43	245	3	2	6.914478765682473	24.010278728023437
43	246	3	2	7.796635366355489	31.160475328854112
43	248	6	4	16.454999609612692	70.73355095288898
43	252	3	3	11.91252551540428	47.36705357514344
43	253	3	3	11.018692554975305	40.68039153381711
43	256	3	3	10.23983182792148	35.669722338854555
43	261	6	5	19.13538782338521	73.5477647612452
43	263	3	2	7.465952433668242	27.98534827700979
43	265	3	2	8.789515599348247	39.17853731420919
43	266	3	2	8.234303620362514	36.164443033116925
43	269	3	2	8.40286596206836	37.83996284080983
43	270	3	2	8.039716115770739	32.500454613073096
43	272	3	2	7.699052544221439	31.200295889525165
43	273	3	2	6.57776315046077	22.177853697747736
43	275	3	3	11.549818346987676	44.808094971363616
43	277	9	7	27.788825034091797	111.73199684381143
43	278	3	3	11.90627645123137	47.29144267960872
43	280	3	3	10.65167064855871	38.73476923164003
43	282	3	3	12.61541973805694	53.84968391212456
43	283	3	2	6.998813852859624	24.590526306600935
43	284	6	4	15.922003866135409	63.93669823516358
43	286	6	4	14.475135865818231	53.17561783205632
43	287	6	4	15.228673648955004	58.05505258720933
43	292	3	3	11.316306792751762	43.052555315668336
43	294	3	2	8.20957343686041	33.75115897017555
43	297	3	2	8.497543344216407	37.10935460805932
43	298	3	2	8.179053377112519	33.70990145192482
43	300	3	2	7.190271855778635	26.023089844249995
43	302	3	2	7.0254008247616095	24.930404561037577
43	310	3	2	7.528195297780233	29.31904971693773
43	315	3	2	7.254975256241494	26.345428764743588
43	316	3	2	7.075022403292456	25.378471936675552
43	317	6	4	16.52544758752582	68.28052879716051
43	319	6	4	15.133892948914271	57.541840515065914
43	320	3	2	8.002431554315354	32.16130500684275
43	322	3	2	7.543087239283215	28.456112302668252
43	323	3	2	7.786762513545568	30.338928982529495
43	324	3	2	7.626684838711865	29.09143619850721
43	325	3	2	7.521357472596612	28.287467324009544
43	332	3	2	7.270483620024692	26.433963525506492
43	340	3	2	7.844786357626324	31.08718013117123
43	345	3	2	7.9157578368352315	31.33877551138241
43	346	3	2	8.248099376539663	34.12049066506114
43	348	6	4	14.97393761560587	57.92800274527879
43	358	3	2	7.85715558850357	31.318954177566397
43	360	3	2	9.117373956203833	41.59976285266847
43	361	3	2	8.46083121928411	37.5602250611641
43	363	3	2	7.847787369183423	30.822049327573815
43	365	3	2	7.3210358601111984	26.943674200208793
43	370	3	2	8.874158173469677	39.42068117992595
43	374	3	2	7.972643677228792	31.792696696289887
43	377	6	6	23.78230462419405	94.58336661526518
43	384	3	2	8.161646282733537	33.487614896718846
43	386	3	2	7.9168499640378105	31.63613490028506
43	387	3	2	8.509549992068346	36.25020481510623
43	391	3	2	8.420489007840537	35.68431625184702
43	393	3	2	8.459493258025596	37.17070869319574
43	396	3	3	10.983190286852462	40.76489411692851
43	406	3	2	8.486597571209364	37.60340779312045
43	409	3	2	8.621298161240041	37.40442888253829
43	414	3	3	11.407205949492605	43.40748968876383
43	416	3	2	7.559553502218575	28.60195241911788
43	419	3	2	8.523310193543935	36.38964994280599
43	422	3	3	11.717039755793248	45.88981198943239
43	429	3	3	12.430437587892136	53.075476814639586
43	431	3	3	11.457905401594983	43.82828821376448
43	432	3	2	7.6803705126758235	29.72882458782219
43	433	3	2	8.299197558776324	34.45189766926286
43	440	3	2	8.307324373095977	35.250552726308854
43	443	3	3	11.533010536952744	44.45511129428673
43	447	3	2	8.617295729213057	37.1292603697078
43	451	3	2	8.023413262673643	32.2246706590112
43	453	3	3	12.695593753591005	54.33069242379332
43	461	9	7	27.366666461880676	108.06217537930698
43	463	3	3	11.955042883122129	47.892037627125866
43	465	3	2	8.825169793390028	39.10310995354932
43	468	3	2	7.8895084975113265	31.25675591387113
43	474	3	2	8.696689247482501	39.13979486494524
43	481	3	2	9.15172834247002	41.941428118697814
43	486	6	6	24.229931795635025	98.66644149027424
43	490	3	3	11.653948189705522	45.41718339740565
43	496	3	3	12.467301282141666	52.877209566477894
43	498	3	2	8.852976614798756	39.29005736202552
43	499	3	3	12.416019884079105	52.08737119679185
43	501	3	3	11.46956145995291	43.99208435775964
43	504	3	3	12.255393780360276	50.47878552932101
43	507	3	3	11.889894824324283	47.37647109419675
43	516	3	3	12.357631100692728	51.397169387389695
43	529	3	2	8.382614602650543	35.25696607615966
43	546	3	2	9.17153909784997	42.108845650885115
43	551	3	3	12.031609241311532	48.69004746494146
43	556	3	2	9.51265380328103	45.857313973203844
43	561	3	2	9.046861581339877	41.576852249405526
43	563	3	2	8.460357618631829	35.819236508339785
43	570	3	2	9.346263366626221	43.7836417052485
43	579	3	2	8.200985958798775	33.631202230969194
43	584	3	2	8.728644399888731	39.27951762638985
43	585	3	3	12.060770119442711	49.190323807741414
43	591	6	6	24.628881764072048	102.61029301923213
43	619	3	3	12.360790848151323	51.65048523008216
43	625	3	3	11.814689627679455	48.04537935086939
43	648	3	3	12.478578665860564	52.88158721884325
43	652	6	5	21.814980973001273	96.95491026048116
43	712	3	2	8.625087603295716	37.42988604067339
43	736	3	3	12.703559012143376	55.06157532556142
43	749	3	3	12.418680271923918	52.85658181759452
43	781	3	3	12.406393193724755	52.5133675931954
43	815	3	3	12.894655133917876	57.26529789904702
43	856	3	3	12.966115090211517	57.964172476238566
43	865	3	3	12.827314632917183	56.65156249620935
43	866	3	3	12.885373863590672	57.220896079261166
43	872	3	3	12.581355804304096	54.16119320687567
43	932	3	3	12.705872166788327	55.47260341331129
44	0	33	0	0.0	0.0
44	1	1723	148	277.6220694924849	752.8986599858528
44	2	769	108	161.47494781989292	372.0885536021563
44	3	467	96	133.38859150925046	363.81558454131834
44	4	323	97	120.96527102368884	269.1305126176732
44	5	244	77	109.52621932725084	267.3453037467003
44	6	162	59	87.16067105484564	210.2244258474811
44	7	144	67	84.99877244184502	195.9436866614622
44	8	115	58	85.66600271341234	210.98627047714575
44	9	113	57	77.0102807806786	199.64387930527528
44	10	101	61	60.65102074571551	105.76101522960926
44	11	84	45	59.24971300542223	147.38031400852037
44	12	69	45	41.78443824629947	74.63458422768113
44	13	51	31	51.57121354321527	144.91360553799757
44	14	53	34	47.623611068464434	115.28277530682794
44	15	49	32	35.88984892828695	82.49691659018588
44	16	47	37	54.842405144180674	141.50495129284198
44	17	25	17	18.777161282117497	29.42296137576974
44	18	43	36	52.99837974870465	116.32082262276504
44	19	34	29	32.4958183436253	96.83827517003326
44	20	40	30	38.13401681113541	78.19091517211646
44	21	37	28	38.84927413120658	101.47839946108402
44	22	27	20	26.151770608857696	53.908494186641676
44	23	20	17	25.50197435190192	70.77887414405846
44	24	19	16	19.95014334521189	38.77948393446397
44	25	28	23	31.361843017404894	70.63165171705754
44	26	25	23	28.917767782234165	55.66149995084464
44	27	18	16	16.142844491304455	34.59951895126689
44	28	25	25	32.12054435548899	68.66510255525438
44	29	15	12	19.504816846674135	41.71769090863965
44	30	20	20	31.79007050667658	83.47788889865176
44	31	11	10	12.670518447157523	26.674746328858973
44	32	15	14	22.12970292844648	54.135961651284944
44	33	18	18	27.157035823708547	59.631884301773965
44	34	12	11	15.851406461220199	33.73753839967711
44	35	8	7	13.422421214430493	35.00940937480673
44	36	14	13	16.369725788995137	31.814612198511732
44	37	13	13	14.84430227488779	24.453334319012118
44	38	9	8	11.974158102356892	28.927668605857153
44	39	18	18	28.402813292621573	69.1840812609263
44	40	12	12	20.724218773373945	52.184190703373694
44	41	8	8	20.308618018836867	58.56982499788301
44	42	9	9	12.708548364228472	36.5445760932694
44	43	9	9	20.73819943126791	56.35362025051183
44	44	11	11	25.863058763581787	81.68250458390705
44	45	8	8	12.72743645531437	38.88229128014545
44	46	11	11	13.539820539160917	28.174737192707568
44	47	9	9	17.404248682213193	40.71825587889713
44	48	6	6	8.657377970521203	15.558020183384489
44	49	6	6	12.558002935440667	27.993248209305044
44	50	3	3	3.6348103058466976	4.587089274032082
44	51	10	10	19.445354815489644	48.294156973040636
44	52	13	13	26.660323839162828	62.3196397221977
44	53	10	10	19.9945891761894	47.76891010429527
44	54	10	10	20.464937776972924	58.390573833224586
44	55	10	10	19.57359080374164	46.68798270120502
44	56	6	6	14.194772006445511	52.03013824599511
44	57	7	7	9.663892423990784	16.33806761814687
44	58	7	7	13.488436288659647	31.359595420840407
44	59	3	3	6.369616583345548	15.580149636657765
44	60	7	7	15.83966755308862	39.927003438037836
44	61	1	1	1.0687632120764068	1.1422548034878786
44	62	3	3	3.366123213948131	4.299997378866985
44	63	3	2	3.636300514234911	10.623876927162534
44	64	12	12	20.185087807467205	39.783142405295195
44	65	7	7	14.69465455877366	36.10785220949957
44	66	6	6	15.562293039264423	41.89792318482722
44	67	4	4	10.657413638616768	35.170435316428865
44	68	8	8	16.129140186264358	35.7481359203958
44	69	6	6	9.923017896970219	18.79566090106084
44	70	4	4	9.521097555646953	24.800570655596676
44	71	3	3	6.055783978039903	18.24952928786785
44	72	7	7	13.263469164642615	36.24061069857445
44	73	5	5	11.21358134502214	29.917983002127155
44	74	3	3	6.113495053423961	13.915823979387115
44	75	5	5	7.5143768325439675	13.011380851150502
44	76	4	4	4.39234913183007	7.017152550278353
44	77	5	5	13.141293178858225	36.66872487781308
44	78	7	7	16.162417358908076	54.20001233526616
44	79	5	5	11.614451717003512	29.122037683056114
44	81	3	3	6.201479955317948	12.844167036619588
44	82	6	6	12.8783534086226	30.715890303936654
44	83	6	6	17.045520161630197	61.97343308397924
44	84	4	4	6.1882302328373475	13.733603475140793
44	85	5	5	9.074142504646604	18.481249068454943
44	86	4	4	8.25072114180959	19.79426489029559
44	87	7	7	15.79642489613729	39.430224382648966
44	88	4	4	14.211686804187922	51.254029128743284
44	89	5	5	9.057010765469473	17.798123068996208
44	90	3	3	5.866626362106663	11.842656157827786
44	92	5	5	9.342509437175828	22.49713296764488
44	93	4	4	10.878191844095344	32.79753218431534
44	94	5	5	10.16371057092897	23.408580582344293
44	95	2	2	5.14638377655355	13.955700122633779
44	96	4	4	6.237611308089187	11.638322301440652
44	97	3	3	5.954231134480322	11.928177998645708
44	98	3	3	6.032208660119087	16.212509166042086
44	99	5	5	9.957996016985176	20.710980929071994
44	100	1	1	2.1241991245892806	4.5122219209058665
44	101	2	2	5.655729799456857	16.9235778728398
44	102	3	3	11.404124780818949	43.437974148477906
44	103	4	4	11.861321532525174	37.968240445279946
44	104	2	2	5.404023034281771	15.139375605052042
44	105	3	3	5.526101038806571	13.044849791839427
44	106	3	3	5.270614805380589	13.789044748737856
44	107	1	1	2.5937665775418903	6.727625058773371
44	108	3	3	6.569119389451197	16.04335381768591
44	109	1	1	2.7015667566457595	7.298462940613488
44	110	2	2	4.403889262412772	12.270063613073313
44	111	2	2	3.2115117656927623	6.089302463898134
44	112	2	2	5.989423172115217	18.075657670530976
44	113	4	4	11.074578154214702	31.52388594778514
44	114	7	7	20.11193289643037	61.65223711991955
44	115	3	3	7.1036510660779975	17.123664448251535
44	116	1	1	2.212627137922777	4.89571885147234
44	117	1	1	0.9701679040810971	0.9412257621091088
44	118	6	6	17.939787628411597	57.20715891325953
44	119	5	5	8.961954628038267	20.63116212476736
44	120	3	3	6.51613193802547	16.950887036267854
44	121	4	4	10.000025030873505	26.043315426612402
44	122	3	3	4.83873931631968	7.935165594508296
44	123	1	1	3.4184492641050213	11.685795371260161
44	124	2	2	6.055499737027683	19.491308302617004
44	125	5	5	12.72577478856509	34.299635743331265
44	126	3	3	8.725926928641805	27.293325138747676
44	127	1	1	3.779882184832557	14.287509331214544
44	129	2	2	6.667534730042261	22.685291970422142
44	130	2	2	5.186051934607916	13.871822618373685
44	131	4	4	7.095451939903659	15.397716454730618
44	132	2	2	4.839622475486096	11.712444659812228
44	134	7	7	19.218809237388385	54.141156822638195
44	135	1	1	2.0094821263133436	4.038018415972797
44	136	2	2	4.892087386216911	11.971067673568136
44	137	2	2	3.178683033658019	6.092751620596418
44	138	2	2	4.251433218280195	9.43211420650797
44	139	3	3	7.503088837498251	19.852034493644602
44	140	4	4	11.82816502828049	40.160907613160404
44	141	1	1	3.189620526525348	10.173679103231837
44	142	2	2	5.601283500182925	15.804982542041703
44	143	1	1	5.157365572784533	26.598419651343136
44	144	2	2	6.016535099306141	18.83350557758431
44	145	3	3	6.1688745743751605	13.073322629941798
44	148	1	1	3.5993165016894078	12.955079279333676
44	149	1	1	1.7382985598717247	3.021681883252112
44	150	2	2	6.241200119015467	19.818428727500226
44	151	1	1	3.2763862808300335	10.734707061211259
44	152	5	5	12.46133344039024	35.41793589050876
44	154	2	2	4.742516012296672	14.376345520292874
44	155	1	1	3.0406826734829857	9.245751120819637
44	158	1	1	3.1207362320165335	9.738994629820752
44	159	2	2	6.8424489428845305	24.2223256791238
44	160	2	2	6.364754457680758	20.958164269452155
44	162	1	1	3.595267067520346	12.925945286796347
44	164	2	2	6.0619963771419165	20.333617174034334
44	166	1	1	3.7685465023561626	14.201942740420867
44	167	2	2	7.510777716624672	31.11025895157085
44	168	2	2	5.78478110190726	18.072456397615884
44	169	1	1	2.191217797061138	4.801435434157466
44	170	2	2	4.624280031488647	10.825696569908462
44	171	1	1	2.9047586478128458	8.437622802043512
44	172	1	1	0.9164795193172153	0.8399347093279139
44	174	3	3	10.597361542068008	37.962278257191954
44	175	2	2	7.513320051849834	28.235395879212973
44	176	2	2	7.1030671499196725	29.642434297918705
44	177	1	1	3.563940179134532	12.701669600449481
44	178	1	1	3.458289198708182	11.95976418190168
44	180	1	1	2.8945801602078385	8.378594303868836
44	181	1	1	3.5380989185543696	12.5181439574756
44	182	1	1	2.1809269833942886	4.7564425068973115
44	184	1	1	3.56224309029663	12.689575834366085
44	185	2	2	5.1657158631738875	13.659414571976672
44	186	2	2	7.010210709985381	30.184442702698426
44	187	2	2	7.028044931933436	28.64316323399425
44	188	2	2	3.464706302372562	6.076970787111215
44	189	1	1	1.7507697785211922	3.0651948173831443
44	191	1	1	2.1583460530951597	4.658457684911454
44	192	1	1	3.6768381607055076	13.519138860020261
44	193	1	1	1.854813080217214	3.4403315625448694
44	194	2	2	6.840099445490829	23.451469988729244
44	195	2	2	6.656324802796325	22.34268508242945
44	199	1	1	3.60913709476392	13.025870568800947
44	200	4	4	11.586894953549049	39.88354948744323
44	202	1	1	3.5859276973692977	12.858877450760273
44	204	2	2	6.586449632658951	22.02457720309129
44	206	1	1	2.7589380819715528	7.61173934015287
44	209	1	1	3.1115520649171637	9.681756252690265
44	212	1	1	2.1927474054430376	4.808141184077173
44	213	2	2	6.24147500254155	20.10073677858079
44	214	1	1	3.261224154888265	10.635582988426677
44	216	1	1	3.415313850182002	11.66436869524501
44	217	1	1	2.9664489497248607	8.799819371323728
44	219	1	1	2.4298298310991457	5.904073008099303
44	221	1	1	3.2363280748056544	10.473819407775274
44	223	1	1	3.6756367753002364	13.51030570393952
44	224	2	2	7.527110953952727	28.482853430501628
44	225	1	1	2.767531523306275	7.659230732493952
44	227	1	1	2.1833079150457433	4.76683345190139
44	228	3	3	8.367539127819482	24.274467194650516
44	230	1	1	2.8690221736473807	8.23128823288034
44	233	1	1	2.411794094502791	5.816750754278537
44	234	2	2	7.31293691690948	26.861028738342526
44	238	1	1	3.6655043635725857	13.435922239369667
44	240	3	3	11.308269687073073	44.45057661132134
44	243	1	1	2.61251472871386	6.825233207746853
44	245	1	1	4.79181962608619	22.961535328944798
44	246	1	1	3.7439083960328854	14.016850077885532
44	248	2	2	7.394738500743806	27.349753541449523
44	252	1	1	4.273754860382767	18.264980606645324
44	253	1	1	3.2319720057690295	10.445643046074684
44	256	1	1	3.3426357005271736	11.173213426438789
44	261	2	2	7.67834425092322	29.480617774473135
44	263	1	1	3.6426245921996703	13.268713919697815
44	265	1	1	3.227038772530744	10.413779239416732
44	266	1	1	2.776416431054467	7.708488198629224
44	269	1	1	3.9338821246448923	15.475428570600611
44	270	1	1	3.9704393344493205	15.764388508542364
44	272	1	1	3.198743174731191	10.23195789788938
44	273	1	1	3.1344465291667185	9.824755044205288
44	275	1	1	3.6080860013552525	13.018284593175736
44	277	3	3	10.746342213651047	38.5364646484715
44	278	1	1	4.851278739948766	23.53490541267889
44	280	1	1	3.7784043377460415	14.276339339498103
44	282	1	1	3.1670615034357166	10.030278566544501
44	283	1	1	3.86908476354156	14.96981690746945
44	284	2	2	6.124342122046095	18.76620185091673
44	286	2	2	7.405763536267744	27.42281093604895
44	287	2	2	6.531431421411591	21.34034883886248
44	292	1	1	3.5668653953400384	12.722528748474248
44	294	1	1	3.287212489859872	10.80576595349074
44	297	1	1	4.005314549022745	16.042544636613275
44	298	1	1	4.942086183047641	24.4242158406704
44	300	1	1	3.219760484589103	10.366857578121456
44	302	1	1	2.6151406855838966	6.838960805396212
44	310	1	1	4.733907030298789	22.409875771512297
44	315	1	1	3.224573249479359	10.397872641257871
44	316	1	1	3.6576118512429536	13.378124454352907
44	317	2	2	6.827389195697563	24.072001459657173
44	319	2	2	7.740167096358576	29.964584453584642
44	320	1	1	3.0446344296478878	9.269798810197319
44	322	1	1	3.5561977213930374	12.64654223364103
44	323	1	1	3.957826124177884	15.66438762922493
44	324	1	1	3.7159342560188455	13.808167395054332
44	325	1	1	3.359291930212856	11.284842272393215
44	332	1	1	4.415640321795354	19.497879451464975
44	340	1	1	3.426429837294159	11.740421429899678
44	345	1	1	3.561988667012079	12.687763263922486
44	346	1	1	4.759945372443515	22.657079948646434
44	348	2	2	6.398896018149621	20.536813677846514
44	358	1	1	3.4512156224930073	11.910889272939796
44	360	1	1	3.8213357911618058	14.602607228814223
44	361	1	1	3.72518274025834	13.876986448318636
44	363	1	1	3.679617198849543	13.539582730069357
44	365	1	1	3.2220011597033418	10.381291473129679
44	370	1	1	3.048442765379114	9.29300329379226
44	374	1	1	4.658801617278579	21.704432509157503
44	377	2	2	7.4054884314028495	27.517139787083995
44	384	1	1	3.790947516845433	14.371283075476557
44	386	1	1	4.000391109165512	16.003129026290473
44	387	1	1	3.506810440957611	12.297719468809314
44	391	1	1	4.017512137666561	16.14040377629814
44	393	1	1	4.069217736241059	16.55853298493881
44	396	1	1	3.2107027213734423	10.308611965034828
44	406	1	1	3.8006433529689723	14.444889896467233
44	409	1	1	3.1548456762543102	9.953051240980516
44	414	1	1	4.2681828927733845	18.217385206163378
44	416	1	1	3.2901919194560754	10.825362866854054
44	419	1	1	3.4813980829476066	12.12013261195127
44	422	1	1	4.148986757826643	17.21409111662084
44	429	1	1	2.6710876779029054	7.1347093830447355
44	431	1	1	3.6339952753868783	13.205921661534154
44	432	1	1	4.0306820301456785	16.246397628139288
44	433	1	1	4.967657004976742	24.67761611909449
44	440	1	1	3.963782432029671	15.711571168467053
44	443	1	1	5.032419631120931	25.325247343691323
44	447	1	1	3.6944069304253646	13.648642567574965
44	451	1	1	2.813100859596438	7.913536446262218
44	453	1	1	3.3769848517204113	11.404026688749129
44	461	3	3	10.54242258387475	37.35037530736038
44	463	1	1	4.179285857000979	17.466430274528406
44	465	1	1	2.7124799504535844	7.35754748161268
44	468	1	1	4.573489692266541	20.916807965268305
44	474	1	1	4.91092276343848	24.117162388458233
44	481	1	1	3.6598530336339725	13.394524227799792
44	486	2	2	8.249061120902038	34.05204045358574
44	490	1	1	4.949985798267123	24.50235940304621
44	496	1	1	4.127180094850166	17.033615535327424
44	498	1	1	3.859689928399568	14.897206343389062
44	499	1	1	4.882403405267279	23.837863011765524
44	501	1	1	3.489034206567699	12.173359694599494
44	504	1	1	4.829108261104931	23.320286597471892
44	507	1	1	4.768494935488446	22.73854394977896
44	516	1	1	3.5973642913196104	12.941029844461443
44	529	1	1	3.852368578959139	14.840743668151656
44	546	1	1	3.770580899286728	14.21728031806591
44	551	1	1	4.176660394131301	17.444492047905033
44	556	1	1	4.943655865460046	24.43973331609752
44	561	1	1	3.968752196590402	15.75099399794114
44	563	1	1	3.591335944742332	12.897693867998298
44	570	1	1	4.820621198241329	23.23838873693367
44	579	1	1	3.7684222536222145	14.20100628159513
44	584	1	1	3.9006237046584533	15.214865285343437
44	585	1	1	5.057225586929806	25.575530637097522
44	591	2	2	8.052688888434183	32.46066716467007
44	619	1	1	4.110790474612821	16.8985983261675
44	625	1	1	4.100980590815139	16.818041806242487
44	648	1	1	4.358959893996939	19.000531357473808
44	652	2	2	9.892203771472555	48.92800520839273
44	712	1	1	4.838196288538839	23.408143326430995
44	736	1	1	4.761277851507069	22.66976677925177
44	749	1	1	4.840726717400299	23.432635152553075
44	781	1	1	4.291804498990144	18.419585857552043
44	815	1	1	4.408396306460747	19.43395799481676
44	856	1	1	4.993878621538482	24.938823686659084
44	865	1	1	4.3248319169241265	18.704171109645614
44	866	1	1	4.978781636625491	24.7882665851992
44	872	1	1	4.899895833283107	24.008979177025157
44	932	1	1	4.779466122239502	22.843296413635105
46	0	33	0	0.0	0.0
46	1	1723	114	342.42437613642977	1125.7133310533056
46	2	769	88	238.8775749853814	710.6293056207267
46	3	467	77	189.8146164755675	511.80375182897455
46	4	323	78	167.27252757517164	413.10619338449527
46	5	244	65	156.37915759276757	422.2428185992219
46	6	162	45	96.56805807401471	224.8367182722635
46	7	144	59	126.98269109157076	325.16094223322403
46	8	115	49	102.96157612650306	248.46649133884432
46	9	113	50	103.44528979419783	250.80995783053604
46	10	101	54	110.9697379011831	264.48627349322607
46	11	84	39	79.37704168660588	183.90768455184164
46	12	69	37	83.35580298685515	219.42071175041593
46	13	51	30	58.64321212102494	135.901316340254
46	14	53	32	71.21574931027958	179.97291138283876
46	15	49	23	47.99376335015675	123.61305215836114
46	16	47	32	60.94311045581018	135.58831218841695
46	17	25	16	34.69646834117874	92.13574168718687
46	18	43	34	61.86397094786562	130.2126886144616
46	19	34	23	41.70453007977364	100.8610874678342
46	20	40	26	46.847226411782735	102.36991719532327
46	21	37	29	61.964675575428465	155.65542405974415
46	22	27	20	49.26551684056079	152.99838426356118
46	23	20	15	32.48193308980772	80.54774142005579
46	24	19	17	34.78966403414777	81.37869602139116
46	25	28	23	46.45973093652577	111.38066352594097
46	26	25	20	38.48328113866224	85.25635858314311
46	27	18	13	22.049597296964432	49.8849443688842
46	28	25	24	47.62363569099698	115.70956031598571
46	29	15	11	24.337658702776125	61.29927169891098
46	30	20	16	33.70573946648811	93.00175862696533
46	31	11	9	22.407113226881062	65.23696362025711
46	32	15	15	34.02809947275492	94.87512211764415
46	33	18	18	32.03402967511391	71.29843899403494
46	34	12	10	22.646327366357582	57.78135986985558
46	35	8	6	9.30957311151458	15.814384042556796
46	36	14	12	30.280566155919228	87.76839254570346
46	37	13	12	27.51336734187378	69.34031826874097
46	38	9	9	17.36770884383957	40.982260362261385
46	39	18	18	34.145586080595095	77.75837801892987
46	40	12	10	25.00225369846277	69.72660903795573
46	41	8	8	18.273837781992935	48.55205776814571
46	42	9	8	15.811703817978406	35.12223432259432
46	43	9	9	14.318283768678462	26.031089482656498
46	44	11	10	22.66338792457359	63.31219498289035
46	45	8	8	18.350859450976138	51.65593144926963
46	46	11	11	18.21750683990667	39.164021679081586
46	47	9	9	23.61193571087943	64.35846367043095
46	48	6	6	14.317656822656621	39.80924367680866
46	49	6	6	12.426180187545839	33.33893763675154
46	50	3	3	7.375840498212197	18.28401506708996
46	51	10	10	25.04537099796762	66.7025888879782
46	52	13	13	35.63118419970266	105.12326543409262
46	53	10	10	28.938872600977746	89.01754904186693
46	54	10	10	27.926547219581064	91.30961321334765
46	55	10	10	22.27992555492666	60.0380146668484
46	56	6	6	13.56195274832498	35.0590608747589
46	57	7	7	18.557005971113824	54.713771624753136
46	58	7	6	13.643732355016873	32.785737887724544
46	59	3	3	9.695331233949338	31.46670883573318
46	60	7	7	19.48042488840036	57.483674380933294
46	61	1	1	4.72334841210916	22.31002022217412
46	62	3	3	8.641844024004023	25.244276271999038
46	63	3	2	2.936375734529004	5.00409800366368
46	64	12	12	29.83823087350978	78.0011046012457
46	65	7	7	17.538744629174595	47.137545413318456
46	66	6	6	14.703736729415489	47.02433001695775
46	67	4	4	10.591770447935977	31.657298414650654
46	68	8	8	22.453409489979386	66.82311138535407
46	69	6	6	14.819602653691064	39.98989788155898
46	70	4	4	13.084632004616918	43.62838141266218
46	71	3	3	6.727815269788611	16.278168290135174
46	72	7	7	16.988760644527105	42.99930144290585
46	73	5	5	14.191469140177201	41.303049752191896
46	74	3	3	8.314439270573398	26.39082906888613
46	75	5	5	12.915523017277444	35.79344087840272
46	76	4	4	9.263340978419635	26.079467421763905
46	77	5	5	12.494667444874352	33.02382785511427
46	78	7	7	15.250626076847903	44.17780569473487
46	79	5	5	12.880525986198142	35.985911622289606
46	81	3	3	7.709771893053164	19.97661956320774
46	82	6	5	14.418835566535213	42.16855235459606
46	83	6	6	16.43941383942417	48.77263189470958
46	84	4	4	8.41809610018551	20.839679062851282
46	85	5	5	11.67426396445358	29.662401344094587
46	86	4	4	11.356612671997595	33.58703608977781
46	87	7	7	18.112915407045023	50.137615731617444
46	88	4	4	10.16443112121318	30.737746717123656
46	89	5	5	13.775204979316838	44.02594775055118
46	90	3	3	7.053824717379683	18.018493349323073
46	92	5	5	11.692966250485146	28.46379382909683
46	93	4	4	11.484678222260683	33.45658704105051
46	94	5	5	10.96025467980573	25.47698000828196
46	95	2	2	6.042683266157441	18.32995919967526
46	96	4	4	11.734147556431946	38.662547360533765
46	97	3	3	7.460649701428302	19.55275571943133
46	98	3	3	6.51226564114703	15.176176696373467
46	99	5	5	15.64516913573944	49.70513091087885
46	100	1	1	2.925085770573463	8.55612676521135
46	101	2	2	5.917306565489995	17.511540772954817
46	102	3	3	9.706029121019274	31.41416759658653
46	103	4	3	7.046437184824443	17.071967444765022
46	104	2	2	5.493448371564686	15.157792676897676
46	105	3	3	7.100197119842035	17.52618308800954
46	106	3	3	6.57157198237859	15.247010647318486
46	107	1	1	3.016457060030981	9.09901319501075
46	108	3	3	8.048407757040366	21.938589228155376
46	109	1	1	2.154949484372192	4.6438072801959756
46	110	2	2	6.490764645360043	21.065236326516274
46	111	2	2	5.720581401927609	16.416394421568477
46	112	2	2	5.287678428550481	15.109484033990594
46	113	4	4	9.254851131190565	21.82428938655816
46	114	7	7	23.374338249551794	81.24336255153442
46	115	3	3	8.930138821653316	27.123756076170068
46	116	1	1	3.508341437536458	12.30845964233538
46	117	1	1	2.637630634700261	6.957095365109302
46	118	6	6	19.727500062055995	66.63350151583717
46	119	5	5	14.818459835727092	44.26145269733583
46	120	3	3	10.53300536562594	37.54690387562009
46	121	4	4	11.608237386726515	33.824262131544316
46	122	3	3	7.768709931607857	20.513795863926767
46	123	1	1	3.158762730758311	9.977781989227703
46	124	2	2	6.355411633717086	20.20395014372304
46	125	5	5	17.302849582370474	62.02297853357717
46	126	3	3	9.254261791562325	28.78919252312253
46	127	1	1	3.1982794887828456	10.22899168836906
46	129	2	2	5.754666146092891	16.652942484328683
46	130	2	2	6.261220022120922	23.165430357681927
46	131	4	4	13.019870229766038	42.78408359232769
46	132	2	2	7.819620868262131	31.7005239766876
46	134	7	7	20.79219155085502	63.16490677577685
46	135	1	1	3.136718811754827	9.839004904016614
46	136	2	2	6.422736677405543	20.699931820595168
46	137	2	2	5.754022860260175	16.936124848883544
46	138	2	2	4.569373959822186	10.499882681829142
46	139	3	3	8.265373136642733	23.708993689448096
46	140	4	4	11.474625331926486	33.94909815825976
46	141	1	1	3.011883734325961	9.071443629097296
46	142	2	2	6.366365932185745	20.269409225364704
46	143	1	1	3.026607478110883	9.16035282655672
46	144	2	2	6.1513723775764015	19.552618628382874
46	145	3	3	8.901824170932935	27.35769394130822
46	148	1	1	2.8933952885867478	8.371736296015989
46	149	1	1	3.006434500764299	9.03864840738588
46	150	2	2	6.339731952600767	20.129803255818047
46	151	1	1	3.7625453498309733	14.156747509534682
46	152	5	5	16.040787301840027	51.96314888695686
46	154	2	2	6.826628066992399	23.47827200136225
46	155	1	1	3.036599535574655	9.220936739452211
46	158	1	1	3.8212819811096845	14.602195979153555
46	159	2	2	7.2827760319586075	26.547140283512903
46	160	2	2	6.357810692665117	20.445560476376524
46	162	1	1	2.542000028290719	6.461764143830016
46	164	2	2	7.977089192019939	32.09903549020986
46	166	1	1	2.6399104018725588	6.9691269299149345
46	167	2	2	6.152537109762851	18.951169818590927
46	168	2	2	6.834717327672298	23.408549150502033
46	169	1	1	2.2598050516102046	5.106718871282999
46	170	2	2	6.677803318728056	22.722211115633907
46	171	1	1	3.0437791685001794	9.264591626595644
46	172	1	1	3.7062068017591376	13.735968857405696
46	174	3	3	10.666139264562986	38.059718485165355
46	175	2	2	6.082707019554729	18.586216998051437
46	176	2	2	7.078828046171015	25.078879932442973
46	177	1	1	3.5488630048035965	12.594428626863612
46	178	1	1	2.4532989065237656	6.018675524750704
46	180	1	1	3.4903337094421913	12.182429403268488
46	181	1	1	3.7808008810645237	14.294455302258278
46	182	1	1	2.485839778944035	6.179399406580528
46	184	1	1	3.062944667226659	9.381630034492229
46	185	2	2	6.873266910825656	23.69344745770988
46	186	2	2	6.339204710631066	20.33571845576472
46	187	2	2	5.163265735381252	13.711238958136793
46	188	2	2	7.742075274312081	30.845757663881557
46	189	1	1	3.1808470730739806	10.11778810228331
46	191	1	1	3.451852087347151	11.915282832922884
46	192	1	1	3.256435683153443	10.60437335851503
46	193	1	1	2.9919727955333233	8.95190120921149
46	194	2	2	7.048850848969196	25.082189754501968
46	195	2	2	5.924455344944127	17.596694513960294
46	199	1	1	3.323436703981666	11.04523152537252
46	200	4	4	12.618342271699522	40.364503745736855
46	202	1	1	2.518999070228566	6.3453563158123805
46	204	2	2	6.946937378888027	24.290171475592675
46	206	1	1	3.1608133610662894	9.990741103495173
46	209	1	1	3.2631065035150155	10.64786405328199
46	212	1	1	3.1101084942944754	9.67277484628265
46	213	2	2	7.7332256219986775	29.93982775191845
46	214	1	1	3.0462532127650843	9.279658636281598
46	216	1	1	4.483094106808646	20.09813277050241
46	217	1	1	3.0858086873926673	9.522215255188057
46	219	1	1	2.768755953237821	7.666009528589876
46	221	1	1	3.4245155500787816	11.72730675273138
46	223	1	1	3.4579384635838957	11.957338417932952
46	224	2	2	6.702448287258244	22.512489783480092
46	225	1	1	3.8679242800066773	14.960838235865173
46	227	1	1	3.424240473322762	11.725422819141693
46	228	3	3	11.101574095438565	41.09914396485934
46	230	1	1	3.5142518672555836	12.349966186509356
46	233	1	1	3.3519557068651133	11.235607060785602
46	234	2	2	7.03930527910946	24.791832762378945
46	238	1	1	3.7279625672471326	13.897704902795832
46	240	3	3	11.034949101370042	41.48547131358014
46	243	1	1	3.5295160083256145	12.45748325302678
46	245	1	1	3.492117538522772	12.194884902858345
46	246	1	1	4.121253624539126	16.98473143777688
46	248	2	2	6.992537027840935	24.647655915694692
46	252	1	1	3.2504663522601427	10.565531507175358
46	253	1	1	3.3914725584264205	11.50208611455945
46	256	1	1	3.6247684072141837	13.13894600593805
46	261	2	2	6.776035284330407	22.96145096514695
46	263	1	1	3.6265061843527655	13.151547105148854
46	265	1	1	3.040105305941439	9.24224027121329
46	266	1	1	3.7061076171872003	13.735233670172988
46	269	1	1	3.441530244836078	11.844130426121474
46	270	1	1	3.1402106169179453	9.860922718604183
46	272	1	1	3.4788928134049737	12.102695207160773
46	273	1	1	3.288829223309728	10.816397660096067
46	275	1	1	4.43423646615453	19.66245303777462
46	277	3	3	10.575525067842989	38.2957872150909
46	278	1	1	3.7380820585712953	13.973257476612613
46	280	1	1	3.8751794190007365	15.017015529446885
46	282	1	1	3.300305063800386	10.892013514146472
46	283	1	1	3.7784055787420776	14.276348717469254
46	284	2	2	5.462148237270138	14.967251533838297
46	286	2	2	7.55656938905424	28.55705375423743
46	287	2	2	6.750119473749685	22.83126049591175
46	292	1	1	3.985088414421346	15.880929670755236
46	294	1	1	3.6787592765741746	13.533269814980544
46	297	1	1	3.785152354091537	14.327378343684705
46	298	1	1	3.0716435626468805	9.43499417595002
46	300	1	1	3.558399551512455	12.66220736820404
46	302	1	1	3.4619911986046388	11.985383059215984
46	310	1	1	3.9945467134426207	15.956403445875242
46	315	1	1	3.306694858012485	10.934230884006208
46	316	1	1	3.387649559419027	11.476169537431927
46	317	2	2	7.074686385022845	25.125476921581924
46	319	2	2	7.307608586839244	26.890640320803172
46	320	1	1	3.2103173349169216	10.306137390868086
46	322	1	1	4.045129883281767	16.363075772619162
46	323	1	1	2.8970837419013473	8.393094207589112
46	324	1	1	3.7872957632783684	14.343609198546279
46	325	1	1	3.493367812074408	12.203618670437535
46	332	1	1	3.5109956193158727	12.327090238855249
46	340	1	1	3.6988905706951876	13.68179145397777
46	345	1	1	3.555579568409199	12.642146067288946
46	346	1	1	2.9694470243955613	8.817615630691654
46	348	2	2	7.596575484450596	28.866197869898805
46	358	1	1	3.8486908452319892	14.812421222172524
46	360	1	1	4.123646510845071	17.00446054640473
46	361	1	1	3.222907394008151	10.387132070352413
46	363	1	1	4.574244878458758	20.923716208106182
46	365	1	1	3.9050417592302047	15.249351141331731
46	370	1	1	3.419718402031204	11.69447394919085
46	374	1	1	4.44466729693431	19.755067380437346
46	377	2	2	8.103912292028653	32.83936125877261
46	384	1	1	4.072096319852727	16.58196843815812
46	386	1	1	4.955245539012172	24.554458351900035
46	387	1	1	3.502356150666162	12.266498606109096
46	391	1	1	3.797679639244599	14.422370642332988
46	393	1	1	3.7565283382830756	14.111505156323805
46	396	1	1	3.6441457501849417	13.279798248590971
46	406	1	1	3.824171552522429	14.624288063121805
46	409	1	1	4.0838126137578135	16.677525464287424
46	414	1	1	3.9111747018525493	15.297287548411378
46	416	1	1	3.523544815922196	12.41536806981218
46	419	1	1	3.7008276791050823	13.69612551043031
46	422	1	1	3.4063650218367485	11.603322661992872
46	429	1	1	3.515703409596243	12.360170464246648
46	431	1	1	3.9693017406914697	15.755356308656332
46	432	1	1	4.222799489138245	17.83203552546622
46	433	1	1	4.273703699323655	18.264543309612694
46	440	1	1	3.9554240020542277	15.645379036026684
46	443	1	1	4.863161181836124	23.650336680517725
46	447	1	1	4.478099224910594	20.053372668144867
46	451	1	1	3.8650138794920657	14.938332288666308
46	453	1	1	3.914033642560211	15.319659355093155
46	461	3	3	11.515079673243683	44.31341191483524
46	463	1	1	3.645657129762888	13.290815907790979
46	465	1	1	4.075383168396532	16.608747969249755
46	468	1	1	4.458509314893351	19.878305310990775
46	474	1	1	3.7820845951439086	14.304163884824863
46	481	1	1	3.7752351534561988	14.25240046389145
46	486	2	2	8.110240044227842	33.06454472825064
46	490	1	1	3.860375318464423	14.902497599409296
46	496	1	1	3.8347307306205276	14.705159776365445
46	498	1	1	3.8364496479471226	14.7183459012336
46	499	1	1	3.6594928075760507	13.391887608700845
46	501	1	1	4.3901361297225385	19.27329523749519
46	504	1	1	4.7622556333606925	22.67907871747565
46	507	1	1	4.53542492867483	20.57007928364509
46	516	1	1	4.084937009862957	16.686710374548113
46	529	1	1	4.191005707410464	17.564528839547084
46	546	1	1	4.496567718541098	20.2191212474259
46	551	1	1	3.9662658976495346	15.731265170857668
46	556	1	1	4.25273367570344	18.08574371646209
46	561	1	1	4.002115275111891	16.01692667528393
46	563	1	1	4.088868602083448	16.718846445103846
46	570	1	1	4.101220175098139	16.82000692463201
46	579	1	1	3.956154557445085	15.651158882393515
46	584	1	1	4.625299156249464	21.393392284802005
46	585	1	1	4.398188743863291	19.344064226645756
46	591	2	2	8.598920603753186	37.15590801794676
46	619	1	1	4.933255965839264	24.337014424488686
46	625	1	1	4.595184500450158	21.11572059317737
46	648	1	1	4.070890959245619	16.572153202067717
46	652	2	2	7.939919368192301	31.538273267310565
46	712	1	1	3.780231894337023	14.290153174962876
46	736	1	1	4.128859524333687	17.047480971681
46	749	1	1	4.049144579788075	16.39557182802715
46	781	1	1	4.6361802714993585	21.494167509839865
46	815	1	1	4.530144167916333	20.522206182106366
46	856	1	1	4.620219265349358	21.34642605990536
46	865	1	1	3.974242447409918	15.794603030794773
46	866	1	1	4.690291679295359	21.998836036867278
46	872	1	1	4.518888998605341	20.420357781716383
46	932	1	1	4.325975691347409	18.714065682128695
47	0	33	0	0.0	0.0
47	1	1723	155	451.53964628138215	1427.9506185261532
47	2	769	120	311.802486399706	890.2828365964779
47	3	467	99	231.80014817839535	604.0638535870353
47	4	323	97	211.34647437181198	540.0187147417386
47	5	244	77	169.02215789094862	415.3231203437624
47	6	162	64	145.2093845352914	378.7670503738933
47	7	144	68	139.32845662293883	351.7854888909833
47	8	115	55	128.02739826528267	340.2967921223189
47	9	113	52	101.03471855265893	247.43517007595057
47	10	101	68	137.7443903023289	331.4815558462607
47	11	84	46	97.67915869870265	243.7192259265455
47	12	69	43	82.67899721032555	180.48661758776575
47	13	51	31	69.00938673321932	179.196723773368
47	14	53	36	82.97403162403745	221.05357788416725
47	15	49	35	71.36011714896804	171.35497279961632
47	16	47	39	70.34393126995653	156.41361490493733
47	17	25	22	48.1522649429197	122.68806039956499
47	18	43	37	71.01262862989235	154.16991929803498
47	19	34	25	44.30706206039803	97.7372964990833
47	20	40	34	67.23559837010194	158.3187531189617
47	21	37	29	55.220349639506644	128.72875069464783
47	22	27	20	43.183619278563654	112.23745608084023
47	23	20	18	42.079322251901495	111.54973214743079
47	24	19	18	39.678743269795426	102.05037761497478
47	25	28	25	48.780595603828964	122.72233409015587
47	26	25	24	54.60731615773676	138.07535566438807
47	27	18	16	31.831870709211966	74.61362489434082
47	28	25	25	57.61056072104755	144.68439097027817
47	29	15	14	31.4367340673664	80.09347391306561
47	30	20	17	40.19928897189914	110.1920366969067
47	31	11	11	26.978982890787954	72.761244812486
47	32	15	15	30.971130146870248	80.32453437828573
47	33	18	18	42.82059343372724	112.091425136944
47	34	12	10	25.147312013871115	70.60479109890612
47	35	8	7	15.525050655752402	40.39932297290348
47	36	14	14	33.53764335313505	92.72687376390093
47	37	13	12	27.878513807378106	71.96162737401868
47	38	9	9	21.188669021275075	55.30554270450838
47	39	18	17	35.05152373782303	84.15807079455159
47	40	12	11	23.55632561364731	58.317085021239265
47	41	8	8	17.256015752866062	45.626895852150916
47	42	9	9	21.114763882891232	55.12671411391106
47	43	9	9	18.10893853309308	43.45866733997513
47	44	11	11	27.52340060009417	77.11088480080433
47	45	8	8	16.831145103167326	42.18862761839351
47	46	11	11	24.54969080266025	64.00410590391876
47	47	9	9	24.908086359108484	70.34706203708512
47	48	6	6	13.282906711049167	30.24573855512064
47	49	6	6	13.282064548524566	30.291553713353586
47	50	3	3	7.476612775436454	21.471983997573936
47	51	10	10	29.993011963022916	94.56552199717622
47	52	13	13	32.58864665872473	87.39749145922153
47	53	10	10	26.286621905059054	71.64129866767375
47	54	10	10	24.93315674273702	75.46510329658894
47	55	10	10	25.676270835182514	70.49693665619458
47	56	6	6	15.756787186764946	43.348132820370026
47	57	7	7	17.63917352088681	48.74254712108096
47	58	7	7	17.093368209392754	42.69199605223515
47	59	3	3	7.563592742104411	19.934903353995782
47	60	7	7	19.156001333424328	53.99298408490682
47	61	1	1	1.5817419884262662	2.5019077179506786
47	62	3	3	8.543581012699356	24.348514001367157
47	63	3	3	8.25267359945921	23.175186523645923
47	64	12	12	31.072577643910815	86.9798555755292
47	65	7	7	16.580334088415725	41.36180806564229
47	66	6	6	14.45901231371437	37.62981313916157
47	67	4	4	9.594585683082236	24.598583618398667
47	68	8	8	20.561845298483163	54.214585693465544
47	69	6	6	15.408848952657825	41.502193300881785
47	70	4	4	11.051928946742123	31.185582546784254
47	71	3	3	8.421524851711208	23.745346293095157
47	72	7	7	17.429317571322777	46.77084492214159
47	73	5	5	12.485351237896271	34.330039275684626
47	74	3	3	10.679786028042994	38.042309186022806
47	75	5	5	12.473274585231156	33.617529238079825
47	76	4	4	11.018300901176739	32.12133827910037
47	77	5	5	14.031305836489356	41.54891726430009
47	78	7	7	18.09273585719309	50.35502035787287
47	79	5	5	13.717577382540783	38.10765617345233
47	81	3	3	9.757370683341799	31.92802584833877
47	82	6	6	17.394830304945234	51.23880943477448
47	83	6	6	18.71326218324534	59.49356579521694
47	84	4	4	9.306896621329178	24.10675803953875
47	85	5	5	14.497868215228866	44.30647585131491
47	86	4	4	10.593170041114458	28.28740420990995
47	87	7	7	20.51956614462994	61.84482116937567
47	88	4	4	10.782912680160926	29.581594034178636
47	89	5	5	12.905669956856977	33.45450575773969
47	90	3	3	7.623786077644685	19.560896675553124
47	92	5	5	13.46273056710842	37.11767962866838
47	93	4	4	11.250474482499287	33.5971432770271
47	94	5	5	14.400599048936177	42.20969067638346
47	95	2	2	5.56663491115596	15.493828057910608
47	96	4	4	9.476472079619386	23.831815092229014
47	97	3	3	8.772452766116107	27.517498973474126
47	98	3	3	8.044409854642021	22.290565138671575
47	99	5	5	10.618079272163543	22.805131862555513
47	100	1	1	2.8850060581462915	8.323259955540804
47	101	2	2	6.806540456335313	23.241061031004374
47	102	3	3	9.442240773190644	31.58620475656471
47	103	4	4	9.818942973490028	24.63446981744416
47	104	2	2	6.600382404754848	21.901672744382452
47	105	3	3	8.667499768340125	25.19006615208901
47	106	3	3	8.521676686194017	24.32075261983691
47	107	1	1	2.445711970294261	5.981507041640636
47	108	3	3	9.270085457427681	30.478625470278907
47	109	1	1	3.1154165626738095	9.705820358982294
47	110	2	2	5.59131277751803	15.719110240752599
47	111	2	2	6.2972960667347015	20.39710123287963
47	112	2	2	5.895660050173227	18.151195555436534
47	113	4	4	11.564555083557263	33.8715970158461
47	114	7	7	21.767134176895098	68.27928921975558
47	115	3	3	7.849126334871579	20.703578516876096
47	116	1	1	3.287717554676719	10.809086719329464
47	117	1	1	2.6836669305376577	7.202068194061413
47	118	6	6	19.047535856350134	61.69805805452755
47	119	5	5	14.753740230973547	44.67798607651914
47	120	3	3	9.560268006682952	30.646420492061875
47	121	4	4	11.676386525629255	35.11423913827164
47	122	3	3	7.954808595276786	21.834961566464678
47	123	1	1	3.12237463164666	9.749223340350616
47	124	2	2	6.9292253285125485	24.08640468098431
47	125	5	5	12.604756131826184	33.868837133691784
47	126	3	3	9.216028787816137	28.568712604946327
47	127	1	1	2.7576217568066754	7.604477753613535
47	129	2	2	6.5175948450834555	21.80532534719208
47	130	2	2	5.096564417093202	13.049781405427055
47	131	4	4	12.466546748313702	39.060600183744796
47	132	2	2	6.190954016653323	19.194594052554564
47	134	7	7	21.435066865476266	66.36119722616387
47	135	1	1	3.136599886398381	9.838258847354336
47	136	2	2	6.74214145988131	22.73496741249142
47	137	2	2	5.947152782699542	18.50812678238179
47	138	2	2	6.079383690950144	18.481050769405286
47	139	3	3	8.430056778330632	25.170373156815025
47	140	4	4	13.61216034350884	46.40687015457817
47	141	1	1	3.3907413215096813	11.49712670939322
47	142	2	2	6.739568864798393	22.87330644004795
47	143	1	1	2.9957323676058136	8.974412418321133
47	144	2	2	6.936107602757763	24.068158489636552
47	145	3	3	9.083072222815375	27.637385969148067
47	148	1	1	3.700563001332298	13.694166526829505
47	149	1	1	3.4646390198333545	12.003723537751828
47	150	2	2	7.1578912428818136	25.704032446544254
47	151	1	1	3.375743735241468	11.39564576602202
47	152	5	5	15.911077148071506	52.53844833607936
47	154	2	2	6.87267189370249	23.669789723123248
47	155	1	1	3.4807274666415418	12.115463697032846
47	158	1	1	3.460746090758683	11.976763504701507
47	159	2	2	6.605811744504122	21.836918928081687
47	160	2	2	6.5571745327952495	21.583294399781295
47	162	1	1	3.200983767407052	10.246297079203444
47	164	2	2	6.712406040704239	22.659298768023966
47	166	1	1	3.84047758556473	14.749268085225097
47	167	2	2	6.021900557847962	18.27298631207721
47	168	2	2	6.443258515246887	20.76156190471857
47	169	1	1	3.7653584391549906	14.177924175315708
47	170	2	2	5.874682583441269	17.678369189055537
47	171	1	1	3.3671221440395547	11.337511532881528
47	172	1	1	3.745297956067511	14.027256779723475
47	174	3	3	9.00255426151817	27.362875951085712
47	175	2	2	6.26802438282801	19.7904521211443
47	176	2	2	6.801996379652116	23.13564873344383
47	177	1	1	3.8742469383977816	15.009789339684584
47	178	1	1	2.806207672738575	7.87480150253685
47	180	1	1	3.09968473183076	9.60804543674473
47	181	1	1	3.2929067878024565	10.843235113155492
47	182	1	1	3.5299637089957305	12.460643786826894
47	184	1	1	3.7310565410573235	13.92078291256664
47	185	2	2	5.936912166622681	17.766524194770767
47	186	2	2	6.720453899577599	22.63272039921941
47	187	2	2	6.120036594625237	18.739346027144833
47	188	2	2	6.819125855636644	23.327900480415668
47	189	1	1	2.972464528596372	8.835545373763653
47	191	1	1	3.0163348865238406	9.09827614766079
47	192	1	1	3.10574063449442	9.645624888749802
47	193	1	1	3.3630111233112565	11.30984381551524
47	194	2	2	4.912365031238014	12.06958702619082
47	195	2	2	6.040245219841291	18.264990984683983
47	199	1	1	3.473873806208542	12.067799221461822
47	200	4	4	12.777045169379415	41.006507875302745
47	202	1	1	3.4983889384762796	12.238725164853191
47	204	2	2	6.487157302022976	21.045881933570907
47	206	1	1	3.8391016643461393	14.738701589185297
47	209	1	1	2.978991786932098	8.874392066608893
47	212	1	1	3.4502676070397613	11.90434656018788
47	213	2	2	7.4689697944894515	27.90598551138566
47	214	1	1	2.8485320985936338	8.114135116718252
47	216	1	1	3.1072834856874807	9.65521066042614
47	217	1	1	3.7058562586164943	13.733370609527041
47	219	1	1	3.145445424179892	9.893826916494222
47	221	1	1	3.948206770666547	15.588336703937163
47	223	1	1	3.467535205766527	12.023800403230313
47	224	2	2	7.448197726748942	27.74124096497491
47	225	1	1	3.199667903061097	10.237874689879396
47	227	1	1	3.389877757181862	11.49127120863633
47	228	3	3	11.59528507037758	45.03925229115615
47	230	1	1	3.9280441373673654	15.42953074510613
47	233	1	1	3.3464286369959995	11.198584622506903
47	234	2	2	6.764961603585359	23.100063538053647
47	238	1	1	3.1164668182404975	9.712365429194051
47	240	3	3	11.062644923922624	40.82785081841915
47	243	1	1	2.9132949564314643	8.487287503169007
47	245	1	1	2.9818426094626105	8.891385347606791
47	246	1	1	3.6168946210904434	13.081926700072982
47	248	2	2	6.993388841757271	24.453744469914547
47	252	1	1	3.6265576528727714	13.151920409610065
47	253	1	1	3.3643455656761536	11.318821085284798
47	256	1	1	3.6056329427353995	13.000588917738737
47	261	2	2	7.605334402351994	28.921207345934654
47	263	1	1	3.632082171324585	13.192020899253913
47	265	1	1	3.226440062508703	10.409915476961162
47	266	1	1	3.580443863208108	12.8195782575846
47	269	1	1	3.663395396168912	13.42046582867158
47	270	1	1	3.6373459708887372	13.23028571194053
47	272	1	1	3.744205841683754	14.019077384898747
47	273	1	1	3.512496194069789	12.337629513354754
47	275	1	1	3.6406964626422664	13.254670733095912
47	277	3	3	9.272719834135334	29.125740104438535
47	278	1	1	3.797155593052561	14.418390597850346
47	280	1	1	3.5286861258463325	12.451625774740398
47	282	1	1	3.1815481385063107	10.12224855763297
47	283	1	1	3.205055259988936	10.272379219582746
47	284	2	2	6.818854549067076	23.277436047926756
47	286	2	2	6.794848327732089	23.454785378713083
47	287	2	2	6.696765327917772	22.5092309177888
47	292	1	1	3.867552656562807	14.957963551286026
47	294	1	1	3.4376634786208933	11.8175301922439
47	297	1	1	3.233832033719274	10.457669622308936
47	298	1	1	3.224700912460779	10.39869597482538
47	300	1	1	2.6780198125239787	7.171790116270966
47	302	1	1	3.855849014176723	14.867571620127606
47	310	1	1	3.8017752953762485	14.453495396533162
47	315	1	1	3.6272191253648542	13.156718583412578
47	316	1	1	3.4589469847562277	11.964314243354199
47	317	2	2	7.017851094607965	24.630237944006936
47	319	2	2	7.328446920821597	26.88986078265814
47	320	1	1	3.6703704541045123	13.471619270363364
47	322	1	1	3.9738775919270357	15.791703115619816
47	323	1	1	3.5076022367636814	12.30327345134958
47	324	1	1	3.045042915198873	9.272286355402851
47	325	1	1	3.525091307554112	12.42626872659356
47	332	1	1	3.2181633279122788	10.356575205119434
47	340	1	1	3.0513173607386825	9.310537635945279
47	345	1	1	3.711359318787223	13.774187993148761
47	346	1	1	3.620824484044194	13.110369944253902
47	348	2	2	7.106743183067376	25.255278334420623
47	358	1	1	3.5850918335847	12.852883455235707
47	360	1	1	3.806636388221487	14.490480592131927
47	361	1	1	3.6564145984471996	13.369367715737797
47	363	1	1	3.8137087159216625	14.544374169896855
47	365	1	1	3.5094115631382654	12.315969519488563
47	370	1	1	3.6596733824179632	13.393209265978536
47	374	1	1	3.579049062017299	12.80959218832691
47	377	2	2	7.036745150519332	24.897349515460185
47	384	1	1	3.713668942967868	13.791337017964082
47	386	1	1	3.576197534482372	12.789188805637798
47	387	1	1	3.8011373026466586	14.448644793571916
47	391	1	1	3.6391833224177583	13.243655254163555
47	393	1	1	3.713362677210094	13.789062372496916
47	396	1	1	3.772920321210845	14.234927750205747
47	406	1	1	3.9187170659436923	15.356343442918341
47	409	1	1	3.8337712709248564	14.697802157768788
47	414	1	1	3.60116035101016	12.96835587368762
47	416	1	1	3.183423075991361	10.1341824807543
47	419	1	1	3.4914399592771104	12.19015298923695
47	422	1	1	3.5712682205312545	12.753956702976472
47	429	1	1	3.734287695880992	13.944904595608168
47	431	1	1	3.1999778257720592	10.239858085432875
47	432	1	1	3.8954853146305752	15.174805836502472
47	433	1	1	3.973110563751826	15.785607551796351
47	440	1	1	3.3650820842070415	11.323777433451205
47	443	1	1	3.8495396039522305	14.818955162396696
47	447	1	1	3.6001380217036045	12.960993775315943
47	451	1	1	3.821966354094537	14.607426811830688
47	453	1	1	2.9801719357536403	8.8814247666536
47	461	3	3	10.709219830638778	38.53949208492686
47	463	1	1	3.976523839614128	15.812741847019486
47	465	1	1	3.809991380650565	14.516034320631599
47	468	1	1	3.760408498994848	14.140672079312687
47	474	1	1	3.7755242742089483	14.254583545141006
47	481	1	1	3.781983300878391	14.30339768812301
47	486	2	2	7.695986833750609	29.65204374344605
47	490	1	1	3.8990509332418126	15.20259818001385
47	496	1	1	3.865352776018783	14.940952083076112
47	498	1	1	3.9721594958329876	15.778051060336173
47	499	1	1	3.604600139933896	12.993142168811463
47	501	1	1	3.6682300231896487	13.455911503029931
47	504	1	1	3.9070194938056906	15.264801324977675
47	507	1	1	3.9319064059349165	15.459887985032033
47	516	1	1	3.6410790837890086	13.257456894405806
47	529	1	1	3.916960826653377	15.342582117537106
47	546	1	1	3.846701488913365	14.797112344808298
47	551	1	1	3.6755809317889887	13.50989518613081
47	556	1	1	3.790492208955597	14.36783118615308
47	561	1	1	3.8202844706362202	14.594573436584266
47	563	1	1	3.7294219173165213	13.908587837360837
47	570	1	1	3.862094504292052	14.915773960082872
47	579	1	1	3.8971287346633385	15.187612374538674
47	584	1	1	3.82973558836012	14.666874676752036
47	585	1	1	3.863470246808278	14.926402347972818
47	591	2	2	7.38947741534062	27.334516507207496
47	619	1	1	3.9923857474523716	15.939143956460832
47	625	1	1	3.7172299252720657	13.817798317338168
47	648	1	1	3.8699320515228086	14.976374083403535
47	652	2	2	7.53986812368276	28.42483483130092
47	712	1	1	3.808950668431256	14.508105194542912
47	736	1	1	3.8319600583555826	14.68391788883252
47	749	1	1	3.781065671837638	14.296457614749007
47	781	1	1	3.925732507620884	15.411375721391353
47	815	1	1	3.9055273179449883	15.253143631214574
47	856	1	1	3.9613168740097704	15.692031376314539
47	865	1	1	3.8566420827426233	14.873688154381359
47	866	1	1	4.022279142106532	16.17872949702526
47	872	1	1	3.91793383103899	15.350205504399858
47	932	1	1	3.9493744080890583	15.5975582152688
50	0	33	0	0.0	0.0
50	1	1723	31	92.8372107332334	292.44041172440694
50	2	769	26	71.67645435711466	223.77486329601032
50	3	467	19	58.83625226840286	211.49681732931617
50	4	323	18	49.189784386429196	167.85713249636288
50	5	244	18	35.85039957587322	76.4858594635111
50	6	162	24	54.31070532084486	134.9299501296342
50	7	144	17	35.18909255772912	80.64893460372242
50	8	115	16	36.714270172859884	105.14301058922504
50	9	113	9	15.527841445069736	29.3159541719408
50	10	101	14	26.41646937434676	54.42749506403237
50	11	84	13	25.365809423333385	54.390512891339604
50	12	69	6	8.96507386077813	14.020129622384095
50	13	51	10	18.94353657547804	40.09112303045111
50	14	53	12	20.45180841120181	40.11699608534305
50	15	49	9	18.815571052775	42.82562265130797
50	16	47	10	17.25698279009922	35.10705442233191
50	17	25	4	6.564989695853853	12.369031107913381
50	18	43	12	21.2227256281261	44.878951563391716
50	19	34	6	14.83776599887404	48.14429673013871
50	20	40	11	23.17849079902878	66.91236772690678
50	21	37	12	21.250352558531212	45.33709954742541
50	22	27	8	16.01546353384548	34.54472451275377
50	23	20	11	29.009452373284777	97.18503786292742
50	24	19	6	13.784809610363764	43.389607593552725
50	25	28	9	16.18730372889976	35.132005737133625
50	26	25	11	19.69053950001593	51.385189533099336
50	27	18	6	8.99836224067548	15.743781461650206
50	28	25	13	20.92134403988633	38.15754312099827
50	29	15	7	12.986660056874168	27.131537533363446
50	30	20	12	31.851350797571378	113.7379275840747
50	31	11	7	10.380566487918912	19.67646798350611
50	32	15	6	9.535667765882621	19.319712953973102
50	33	18	10	14.43516565928225	23.85775927892764
50	34	12	7	8.863614741369632	11.688431476512553
50	35	8	3	4.968057818713925	9.308541527455597
50	36	14	6	10.896502649335304	22.646541723286663
50	37	13	5	8.699352736837662	18.04512774711138
50	38	9	5	6.7605831726965135	10.556982461485507
50	39	18	7	12.08877455926483	24.204143808169114
50	40	12	8	11.75810868137447	21.33523519261687
50	41	8	5	7.1894477589314345	13.422131785899664
50	42	9	4	7.65474110465385	17.743249558050984
50	43	9	5	7.270110851889667	13.969991984727269
50	44	11	8	12.61899342492731	22.622855578533372
50	45	8	3	3.8049171002716666	5.259516402643343
50	46	11	8	18.141489589749316	51.712032228398236
50	47	9	5	8.983125508699784	18.697304861828364
50	48	6	2	2.896606814605756	5.1699039863007465
50	49	6	4	5.540990232626737	9.023386395117214
50	50	3	2	1.4745956277252983	1.0872161326532832
50	51	10	8	9.935610143980131	15.31349555397572
50	52	13	6	11.932647594499116	35.69254567835181
50	53	10	6	14.293364120785128	34.25171239596885
50	54	10	6	9.8328123020029	21.645755492836145
50	55	10	3	3.6744561221416823	6.133545063576074
50	56	6	2	1.4047059520800347	0.9865994059045383
50	57	7	4	7.630091690777817	15.807946492177514
50	58	7	6	12.03248448093625	36.524373815265754
50	59	3	2	1.3733500242837433	0.9430451446000792
50	60	7	3	3.459512087061931	4.381934657185824
50	61	1	1	0.6767967998293662	0.4580539082592712
50	62	3	3	5.240982112072726	10.931192971370654
50	63	3	2	6.79365684890894	26.804682062414788
50	64	12	10	12.82467829559173	22.36569351810985
50	65	7	6	8.756026138740438	17.011404464372266
50	66	6	4	6.18554060566182	12.616091089729853
50	67	4	1	2.001874652529475	4.0075021244400055
50	68	8	8	19.40836748239293	66.31723280022186
50	69	6	3	3.2974425044255598	3.9960977918650125
50	70	4	4	5.672935544669993	10.596773230957252
50	71	3	3	3.7981095331531876	6.0390475516813185
50	72	7	6	10.705521398243631	30.933294962439895
50	73	5	4	9.255449509114463	30.34539064883967
50	74	3	2	4.077528307570318	8.327469664418736
50	75	5	4	5.554016515676749	8.910736999420216
50	76	4	1	2.1105197210049975	4.454293492751012
50	77	5	3	4.576224622874974	7.450380591794817
50	78	7	6	5.925474233332778	6.051244313147273
50	79	5	4	5.231585426969154	8.009405552934346
50	81	3	3	4.425646998595644	7.400070002451335
50	82	6	3	5.1531280043829115	9.392264825795467
50	83	6	4	3.8147381675774623	5.243960638738102
50	84	4	3	8.433729998344788	28.78381389318814
50	85	5	4	6.606183725143051	12.667198783451312
50	86	4	3	4.704006263776633	7.731801262054481
50	87	7	5	5.473863436010513	8.215442832925827
50	88	4	4	5.528257279492845	10.296131745932835
50	89	5	3	5.0678217875273095	10.438687352561365
50	90	3	2	1.9479706206955432	2.2246186105765773
50	92	5	5	6.787212772857212	10.400930388959198
50	93	4	3	6.137774470902547	12.571545091974517
50	94	5	4	3.9752545040339378	5.019340004637395
50	95	2	2	2.978742744362761	4.934469848776904
50	96	4	3	4.037825009540111	6.710011365538747
50	97	3	2	3.513158773492861	7.2462642470165886
50	98	3	1	0.9786278350883291	0.9577124396096698
50	99	5	5	8.241116941893436	14.311753167933812
50	100	1	1	2.5644657492964393	6.576484579314548
50	101	2	2	2.6284913249215074	4.652247962401826
50	102	3	3	5.719911658376802	22.207978797051275
50	103	4	4	7.8323855711553225	24.128707036807242
50	104	2	2	7.037185004854045	26.78068701082877
50	105	3	3	3.9405459956958477	5.79203511670707
50	106	3	3	8.561108924407428	28.61584310519245
50	107	1	1	0.5262929008991029	0.2769842175367929
50	108	3	3	5.164357737377917	9.157821142873722
50	109	1	1	4.525288519483955	20.478236184573287
50	110	2	2	4.0782966158753915	8.466247842671732
50	111	2	2	4.307834440328743	9.587448695779912
50	112	2	1	2.052749172495732	4.213779165181912
50	113	4	4	10.399530219185529	32.28388206698754
50	114	7	4	7.148718451577768	13.940832059218883
50	115	3	2	2.977626570484852	4.994726762349423
50	116	1	1	1.7402841181386024	3.028588811845453
50	117	1	1	1.1340039179982437	1.2859648860353674
50	118	6	6	16.921307085717924	58.077294064771095
50	119	5	4	5.87992484897121	9.453885416283594
50	120	3	3	5.3709103519843735	9.80541428425226
50	121	4	4	6.502521079833901	21.33184695587229
50	122	3	2	3.3675080316833883	5.672214229999749
50	123	1	1	1.2435755830620066	1.5464802307880094
50	124	2	2	2.64638903639267	4.884403818401207
50	125	5	4	5.274664031038737	7.753060621059253
50	126	3	2	4.673436160030391	11.136477657339439
50	127	1	1	4.445249389519446	19.760242135023002
50	129	2	2	6.285108127876194	23.06212740502143
50	130	2	2	2.6365586590221826	3.494943302861709
50	131	4	4	7.258838528236652	13.676161289919378
50	132	2	2	2.571864660868773	3.5922489521855727
50	134	7	7	18.102867055049245	57.70336113098485
50	135	1	1	1.669299536870575	2.786560943796316
50	136	2	2	2.6195517556534353	3.973945830958896
50	137	2	2	2.8295992519511226	4.543479256650161
50	138	2	2	2.2149538309953893	2.453020109124109
50	139	3	3	3.3142786045079617	4.380337562611137
50	140	4	4	11.441236160423083	42.01961357456934
50	141	1	1	1.7351056004485128	3.0105914447077944
50	142	2	2	2.4147043653519114	4.027508908272307
50	143	1	1	2.0836240333762306	4.341489112463031
50	144	2	2	5.84861165727119	21.658719608218043
50	145	3	1	0.45717031490546545	0.20900469683076245
50	148	1	0	0.0	0.0
50	149	1	1	1.1594658826496014	1.344361133028419
50	150	2	2	2.234341979749492	3.3864582957563525
50	151	1	1	2.057258967896327	4.232314460989861
50	152	5	4	8.868233650842216	19.853034822168645
50	154	2	2	5.146072686681681	13.792900906973738
50	155	1	1	0.4430991810053638	0.19633688420762413
50	158	1	1	2.097531843775811	4.399639835653553
50	159	2	2	2.7029922344515516	4.246917983813993
50	160	2	2	2.8718337409927512	4.832097788710616
50	162	1	1	1.6905260768241295	2.8578784164223827
50	164	2	2	5.174145648907338	19.544120284979627
50	166	1	1	1.8758242012128805	3.5187164338559414
50	167	2	2	4.292253116177373	9.3992234313886
50	168	2	2	2.1112591724812964	3.035690408697521
50	169	1	1	1.7281963425631803	2.986662598448753
50	170	2	2	3.713442262038289	6.936922764192447
50	171	1	1	2.186304195079242	4.779926033421092
50	172	1	1	1.5574555927163962	2.425667923283581
50	174	3	2	4.282428465897567	11.351907563605637
50	175	2	2	3.24538077824298	5.282142299797792
50	176	2	2	6.4448940340102245	23.318333040153036
50	177	1	1	1.706515280996578	2.9121944042748296
50	178	1	1	1.8425806144956904	3.3951033209153163
50	180	1	1	2.1864361000824397	4.780502819743709
50	181	1	1	2.0797057845641778	4.325176150349702
50	182	1	0	0.0	0.0
50	184	1	1	1.9637046112318872	3.8561358001733774
50	185	2	2	2.980037929073477	4.789343194095229
50	186	2	2	4.388853435264896	9.66374493237568
50	187	2	2	2.9745825671649553	4.769075743656993
50	188	2	2	5.9666213409499615	20.896673203203346
50	189	1	1	0.7502847845412564	0.5629272579141195
50	191	1	1	1.8234048222880916	3.324805145943467
50	192	1	1	1.061557625677718	1.1269045926345138
50	193	1	1	0.778052933174367	0.6053663668212359
50	194	2	2	2.2230037327972796	2.530988293789337
50	195	2	2	3.45898064124216	6.890876251723185
50	199	1	1	0.39372800120095885	0.15502173892970225
50	200	4	4	4.946859495072259	7.452795983016964
50	202	1	1	1.2675890019186884	1.6067818777852165
50	204	2	2	3.225240867390977	5.236287152222716
50	206	1	1	1.415518902337687	2.0036937628752907
50	209	1	1	1.0284782649596258	1.0577675414943621
50	212	1	1	1.9237488764022588	3.700809739458953
50	213	2	2	3.3245217781223135	5.874347817779281
50	214	1	1	1.8913189609848737	3.5770874121809024
50	216	1	1	1.5980257513627094	2.553686302018352
50	217	1	1	2.1852431506759853	4.775287627576307
50	219	1	1	4.212824737884532	17.74789227213187
50	221	1	1	4.219443115583089	17.803700205641526
50	223	1	1	0.36743139063587305	0.13500582682461154
50	224	2	2	2.19497271428376	3.461260371402159
50	225	1	1	2.010467797475124	4.041980764684476
50	227	1	1	0.9968030871802935	0.9936163946121639
50	228	3	3	5.5569348356536	10.530694804618886
50	230	1	1	1.9164880147779835	3.6729263107876564
50	233	1	1	0.5806956711197618	0.3372074624572306
50	234	2	2	3.0208029489364243	5.114097944079304
50	238	1	1	1.8284476152781122	3.343220681816215
50	240	3	3	4.900804137044657	8.165200984613639
50	243	1	1	1.4841123888710852	2.2025895828006394
50	245	1	1	0.968032184929944	0.9370863110602413
50	246	1	1	2.538102887959705	6.441966269869396
50	248	2	2	2.8893347903409516	4.804134879476639
50	252	1	1	4.18424052311675	17.507868755292332
50	253	1	1	1.8098894169438156	3.2756997015652245
50	256	1	1	0.34904645237193993	0.12183342591343693
50	261	2	2	3.073331495718815	5.4239012511797355
50	263	1	1	1.658888089859657	2.751909694678221
50	265	1	1	0.8278524117549201	0.6853396156484377
50	266	1	1	4.169661663215067	17.38607838568544
50	269	1	1	2.223118873031262	4.942257523627788
50	270	1	1	4.108200648477324	16.87731256814951
50	272	1	1	0.6409722719934645	0.41084545346446383
50	273	1	1	1.5067274231858783	2.2702275277803565
50	275	1	1	2.357221677152127	5.556494035235886
50	277	3	3	5.5517395998575125	10.932039506456517
50	278	1	1	1.8732852179092712	3.5091975076373854
50	280	1	1	1.8378763988052116	3.3777896572852133
50	282	1	1	2.270729970325887	5.156214598136203
50	283	1	1	4.048426223993544	16.389754891118624
50	284	2	2	5.835120157413284	20.374746123986053
50	286	2	2	5.526613459289475	18.547761563975484
50	287	2	2	3.455951634310246	6.442206765034253
50	292	1	1	2.205640155958384	4.864848497576124
50	294	1	1	4.017482523940972	16.14016583017112
50	297	1	1	2.1000227853092097	4.410095698817851
50	298	1	1	1.840203579373572	3.3863492135393063
50	300	1	1	1.600329579944379	2.5610547644449526
50	302	1	1	2.023525149024244	4.094654028733588
50	310	1	1	2.1433388975381127	4.593901629699892
50	315	1	1	1.8138640450652868	3.2901027739806046
50	316	1	1	4.108695247434731	16.88137663629275
50	317	2	2	5.935992505129559	20.445098429567672
50	319	2	2	8.12633004466532	33.01864907982814
50	320	1	1	4.042756702510156	16.343881755690788
50	322	1	1	0.3078168620241586	0.09475122054639988
50	323	1	1	4.041041529670163	16.33001664451897
50	324	1	1	1.6849310457335147	2.8389926288766354
50	325	1	1	3.9908513774910777	15.926894717222432
50	332	1	1	0.858333797613289	0.7367369081252505
50	340	1	1	4.007424873873163	16.05945411973733
50	345	1	1	3.974252243885324	15.794680898027531
50	346	1	1	2.191832485063552	4.804129642579867
50	348	2	2	5.575996158458908	18.769366411872358
50	358	1	1	3.989805999527789	15.91855191386794
50	360	1	1	4.049169407165858	16.395772887927908
50	361	1	1	4.01549003822295	16.12416024706775
50	363	1	1	3.9804611681629782	15.844071111253381
50	365	1	1	1.8987815976779643	3.6053715556804824
50	370	1	1	1.5913329849113012	2.5323406688667114
50	374	1	1	3.979870726970716	15.839371003398416
50	377	2	2	6.350629020291224	21.82626358948064
50	384	1	1	4.011303140932331	16.090552888453587
50	386	1	1	1.9068604389176942	3.636116733509381
50	387	1	1	2.314222387784247	5.355625260121822
50	391	1	1	2.063705355716653	4.2588797952135975
50	393	1	1	4.028491390742919	16.228742885289815
50	396	1	1	1.7060358969558829	2.910558481702064
50	406	1	1	1.8480085319235493	3.415135534062232
50	409	1	1	1.8568164935131937	3.447767490582632
50	414	1	1	3.970770146341213	15.767015555074616
50	416	1	1	3.9157960534970195	15.333458732582834
50	419	1	1	2.9479376984329155	8.690336673841955
50	422	1	1	2.100142052632651	4.410596641236085
50	429	1	1	3.9662481837405372	15.731124655025111
50	431	1	1	4.021149272943979	16.16964147529789
50	432	1	1	3.969617275221724	15.757861311738745
50	433	1	1	3.9699351858326817	15.76038537971237
50	440	1	1	3.999515493615626	15.996124183671443
50	443	1	1	1.2926711794461936	1.6709987781708133
50	447	1	1	1.9397409354662183	3.7625948967233596
50	451	1	1	3.9270422934187845	15.421661174299867
50	453	1	1	2.0894772267089956	4.365915080935515
50	461	3	3	6.846900559959165	15.674479344322405
50	463	1	1	1.6021822363394105	2.5669879184415545
50	465	1	1	3.9554020349543486	15.645205258121003
50	468	1	1	3.952344515943659	15.621027172709915
50	474	1	1	3.9231019206070252	15.39072867947053
50	481	1	1	3.9823591661621944	15.859184528316048
50	486	2	2	6.800558817970511	23.704342858883926
50	490	1	1	3.8536949068073993	14.85096443475329
50	496	1	1	3.9332245338006233	15.47025523329113
50	498	1	1	3.9392165089791447	15.51742670461384
50	499	1	1	1.9827836543148916	3.9314310198183153
50	501	1	1	3.918301622625713	15.353087605871293
50	504	1	1	2.408587550128396	5.8012939866335085
50	507	1	1	3.8607266196198835	14.905210031441573
50	516	1	1	2.228451228108231	4.965994876057084
50	529	1	1	2.5938127606490444	6.727864637305817
50	546	1	1	3.8540874871488633	14.85399035859744
50	551	1	1	2.2302137014662198	4.9738531542076565
50	556	1	1	3.8224821393437205	14.611369705601746
50	561	1	1	1.8312834915575638	3.3535992264512617
50	563	1	1	2.3541739545028757	5.542135008059708
50	570	1	1	3.8814887959821296	15.065955273334803
50	579	1	1	3.8736624481941964	15.005260762549854
50	584	1	1	2.042446417006219	4.171587366341542
50	585	1	1	2.258221185923906	5.099562924555571
50	591	2	2	5.370218318863906	17.27259045330255
50	619	1	1	3.783082860664089	14.311715930650388
50	625	1	1	2.009680745092724	4.038816697196446
50	648	1	1	1.9405024531797321	3.7655497707965586
50	652	2	2	7.999160389142656	31.99378263505327
50	712	1	1	1.5588048887373704	2.429872681151526
50	736	1	1	3.753815668308951	14.091132071641779
50	749	1	1	3.7229875431197614	13.860636246224917
50	781	1	1	3.925177485873272	15.40701829560642
50	815	1	1	3.8287707647750926	14.659485569196448
50	856	1	1	3.864886081575425	14.937344423555443
50	865	1	1	3.866187970365235	14.947409422196854
50	866	1	1	3.6886282865895987	13.605978636628919
50	872	1	1	3.669137368091833	13.462569025927865
50	932	1	1	3.8368739442412045	14.721601663997058
52	0	33	0	0.0	0.0
52	1	1723	82	202.5066720216268	589.8252293975556
52	2	769	62	158.62681416197358	471.0673941323129
52	3	467	53	114.55569891759819	318.447579702755
52	4	323	50	105.93788247555489	278.55933434173517
52	5	244	52	110.15255313594695	283.4094256483821
52	6	162	37	82.87779150430632	241.28513798294333
52	7	144	47	85.433067109379	203.6785476834221
52	8	115	37	74.2533991018271	183.6172948534684
52	9	113	35	65.62006690171006	162.34119538562308
52	10	101	35	64.00818601021246	148.87064393055596
52	11	84	29	49.838208238726835	104.14863328154773
52	12	69	27	42.24776755454428	95.6830913492945
52	13	51	27	47.7985219731004	106.05602408723772
52	14	53	22	40.570920910480595	101.32836515640943
52	15	49	22	42.24743829080275	103.5858445711393
52	16	47	26	46.4176616897649	105.6368463279306
52	17	25	13	28.23310336571718	80.76046693519542
52	18	43	29	52.543626289399455	127.6004795295379
52	19	34	15	24.571331954488553	50.40498885392122
52	20	40	25	52.53962088199697	128.52053645175945
52	21	37	24	34.8253866374294	72.12319699334805
52	22	27	14	27.08374893944466	65.41910226198425
52	23	20	14	25.216941679919817	52.99396875176448
52	24	19	16	21.93707612597865	39.84732592566217
52	25	28	20	34.01372729192678	86.34645230147218
52	26	25	19	28.951206323564666	54.81495173618485
52	27	18	11	20.930024686885567	56.84946613272593
52	28	25	20	32.8876034901357	66.74861522110398
52	29	15	11	32.93920623763278	109.47137406465988
52	30	20	14	32.306773336423866	93.61501053848471
52	31	11	8	18.04358902394045	50.21610921868523
52	32	15	11	18.015441488681766	45.234848821767244
52	33	18	13	20.108834071117673	39.52101866020131
52	34	12	10	21.27005309536258	46.57261111359301
52	35	8	5	7.173846629683368	11.723513839102065
52	36	14	12	21.755855593170406	51.81265242374482
52	37	13	12	20.1196457387935	42.9416235216536
52	38	9	7	17.16764865760615	50.16996243448712
52	39	18	16	26.565576684513875	61.033979354887954
52	40	12	10	18.398706669919644	39.37924973412879
52	41	8	7	17.524451916358277	50.61100238262374
52	42	9	7	11.388367672323469	22.930328199262238
52	43	9	9	12.140795068081372	25.343770045282337
52	44	11	10	22.747250344927277	60.234943746047996
52	45	8	6	13.288472168475709	40.20843042598275
52	46	11	9	20.983982381837947	56.16846563183128
52	47	9	8	17.583858198283078	42.92930402319162
52	48	6	5	10.376931442926129	23.771574364961964
52	49	6	5	13.528950424929281	37.51873007644801
52	50	3	3	4.409057438659313	8.56962164163763
52	51	10	10	20.753458084655605	49.00257813955744
52	52	13	12	21.43265914408407	46.88193781217068
52	53	10	10	25.23957673254451	70.11075468975488
52	54	10	10	18.675633052523118	44.5299668634569
52	55	10	7	15.017499607464831	36.28737931587659
52	56	6	6	9.727637421367687	20.94657067002459
52	57	7	7	12.736897933479241	30.086451588294146
52	58	7	7	16.315222828725613	39.49333752712145
52	59	3	3	7.347399248602083	19.146663409452778
52	60	7	7	12.772704151933539	32.324039357819174
52	61	1	1	1.3547969448947081	1.8354747618960348
52	62	3	3	8.10810217321923	24.47684800801271
52	63	3	3	7.645034296909033	20.044394898849394
52	64	12	11	23.020952608983986	54.186704230911786
52	65	7	7	15.726723921751343	42.32402821765885
52	66	6	6	11.984104641313158	28.442444758442942
52	67	4	4	9.371279469003134	23.06497918405265
52	68	8	8	18.459416444255176	46.42502271712365
52	69	6	6	12.398160956671768	26.198636878859226
52	70	4	4	12.343456718083795	39.4650287398057
52	71	3	3	6.970750682375659	16.95188642582771
52	72	7	7	10.435175351795223	18.32647018862086
52	73	5	5	13.198077142535022	37.685268085329646
52	74	3	3	6.731873433854595	15.643152004732988
52	75	5	4	5.622342927371241	8.360789105712826
52	76	4	4	6.145807752065408	13.957984391155449
52	77	5	5	10.642959044325695	28.423133960006766
52	78	7	7	14.058898223115857	32.34371272522645
52	79	5	5	10.453607540448228	22.845662149219258
52	81	3	3	5.643093771556082	11.531728456660677
52	82	6	6	11.820768573244662	26.319987165318388
52	83	6	6	16.11006514893639	46.53878300597444
52	84	4	4	6.874112581529506	14.87859666860238
52	85	5	5	12.884155954569312	33.988357413317125
52	86	4	4	10.55676271866319	29.234308126675767
52	87	7	7	14.415495590512263	36.92215585981697
52	88	4	4	8.356303266766101	21.821211538443166
52	89	5	5	12.345403375805363	31.261753448684594
52	90	3	3	4.144598519500495	9.391847399805224
52	92	5	5	11.17031678703214	27.766004464301254
52	93	4	4	9.660600656775737	25.12208357326963
52	94	5	5	9.783588962190256	20.65725363101861
52	95	2	2	5.480248073239858	15.220767157855374
52	96	4	4	7.626162233583589	17.42607550961846
52	97	3	3	7.797120679528717	21.23099000827046
52	98	3	3	4.5333271166293585	7.789673363900049
52	99	5	5	11.306730110301034	27.449407329238504
52	100	1	1	2.9955302583677845	8.973201528796967
52	101	2	2	5.552615548017669	17.185799746261836
52	102	3	3	8.843213070894176	26.75222676165403
52	103	4	3	5.987650147182212	15.742965302363778
52	104	2	2	5.688874585557168	16.254188874110103
52	105	3	3	8.857277226489927	27.834452429428595
52	106	3	3	8.793429111073268	26.42471139325153
52	107	1	1	3.010435574698734	9.062722349411697
52	108	3	3	7.20654388216415	17.90074670913555
52	109	1	1	2.8973883714880304	8.394859375234061
52	110	2	2	5.744527831732139	17.638703630396535
52	111	2	2	5.19689472375976	13.505090507601082
52	112	2	2	5.637714175033457	16.300208473969636
52	113	4	4	10.12492611031888	26.93524272678838
52	114	7	7	20.589833221286288	61.59651055788747
52	115	3	3	9.376494877828744	30.39362611499151
52	116	1	1	3.507041926214154	12.299343072223882
52	117	1	1	1.75387074997369	3.076062607613274
52	118	6	6	19.90016014934249	68.09040047543185
52	119	5	5	15.817118684418098	51.8547699730229
52	120	3	3	8.298725005868036	23.36080844284087
52	121	4	4	10.337645582612687	28.129604382941256
52	122	3	3	6.564795922772288	14.73767796361636
52	123	1	1	3.487842055120685	12.165042201468484
52	124	2	2	4.340998172931791	11.516413271444193
52	125	5	5	12.964453056013149	36.81100346531446
52	126	3	3	8.833843373841002	27.912802669832576
52	127	1	1	3.8391706940719192	14.739231618220662
52	129	2	2	5.621309473720597	15.825611334233495
52	130	2	2	4.35451569233591	9.495795054779482
52	131	4	4	11.613020787588136	34.30707094978833
52	132	2	2	6.371865414507175	20.349000141333985
52	134	7	7	18.09983850997621	48.99908829024202
52	135	1	1	3.6421704657445537	13.2654057015419
52	136	2	2	4.848446705380735	11.816199820352463
52	137	2	2	5.682013453711662	17.434333776024708
52	138	2	2	5.081981548907947	13.073765425003206
52	139	3	3	9.727524103118455	31.616394453804546
52	140	4	4	9.479823189252148	25.015489239410922
52	141	1	1	2.0462098755026186	4.186974854604442
52	142	2	2	5.292998155447104	14.503506923669914
52	143	1	1	3.072131726383366	9.437993344251241
52	144	2	2	5.484733257415236	15.142481383159193
52	145	3	3	6.252492811483341	14.701006727602003
52	148	1	1	3.7197575610623552	13.83659631308056
52	149	1	1	2.5822227412266727	6.667874285308192
52	150	2	2	6.423756434111139	21.068794757943216
52	151	1	1	3.4484966674065154	11.892129265113843
52	152	5	5	14.6215820205733	44.305487336821656
52	154	2	2	5.724604507682802	16.977699356218782
52	155	1	1	2.148031571282658	4.614039631227045
52	158	1	1	2.9262770599670813	8.563097431689584
52	159	2	2	5.703208703266261	16.263482226781584
52	160	2	2	6.190305745885715	19.652050406098454
52	162	1	1	3.305499551408057	10.926327284358868
52	164	2	2	4.820615367734549	12.013443372429492
52	166	1	1	3.4075825708415115	11.611618977102845
52	167	2	2	4.579643304073908	10.558231289022622
52	168	2	2	6.324767033089944	20.00749131590708
52	169	1	1	2.497794519236169	6.238977460326245
52	170	2	2	5.878632776197338	17.3391698868664
52	171	1	1	2.917249076824275	8.510342176232085
52	172	1	1	3.439109475350817	11.827473983447772
52	174	3	3	10.650242270257035	38.064212887734556
52	175	2	2	6.369014528256832	20.475971391512005
52	176	2	2	6.407518651681624	20.530148597441865
52	177	1	1	2.8090219649725197	7.890604399698075
52	178	1	1	3.200671512889194	10.244298133420402
52	180	1	1	1.8117107391249956	3.2822958022608377
52	181	1	1	3.811473031242491	14.527326667888824
52	182	1	1	1.7075141572959351	2.9156045973660474
52	184	1	1	3.663539199025486	13.421519462796299
52	185	2	2	6.21332722768725	19.303460611836698
52	186	2	2	4.834737504427004	11.688096813257848
52	187	2	2	5.139382969906965	13.41542430095978
52	188	2	2	3.3712018869617815	5.683775394018928
52	189	1	1	2.8697576536416647	8.235508990634912
52	191	1	1	2.386685557374317	5.696267949779154
52	192	1	1	2.361123525502502	5.5749043026813645
52	193	1	1	1.6962437159256545	2.8772427438172725
52	194	2	2	7.037067336440861	24.76110227763047
52	195	2	2	6.017358277826582	18.93412979760422
52	199	1	1	3.9203886789496973	15.369447394036953
52	200	4	4	11.707592396720042	35.44248134214912
52	202	1	1	3.0969077588155085	9.590837666611696
52	204	2	2	5.48439212307869	15.196271662438349
52	206	1	1	2.9675219689824592	8.806186636393532
52	209	1	1	2.9180679096947317	8.51512032559018
52	212	1	1	2.786387575067916	7.763955718492861
52	213	2	2	7.575300604618805	28.71150759477686
52	214	1	1	2.712068642461807	7.3553163214246275
52	216	1	1	2.970482765541764	8.823767860380645
52	217	1	1	2.6694950105423136	7.1262036113103076
52	219	1	1	2.5957373454671426	6.737852366652808
52	221	1	1	2.830039341412341	8.009122673941595
52	223	1	1	2.8027253748073178	7.8552695265888195
52	224	2	2	6.81569921672833	23.30010924408723
52	225	1	1	2.720140595635142	7.399164860022305
52	227	1	1	2.1045539627934247	4.429147382309507
52	228	3	3	10.29971726631425	35.75970397458841
52	230	1	1	2.9865915129069234	8.919728864967665
52	233	1	1	2.41410657278548	5.827910544766055
52	234	2	2	7.590002156969414	28.907856953974424
52	238	1	1	2.6149237078804832	6.837825998035415
52	240	3	3	9.323902637597099	29.046535560896714
52	243	1	1	2.8555742843459866	8.154304493418094
52	245	1	1	3.068075737524616	9.413088731187216
52	246	1	1	3.6168166658100356	13.081362794081222
52	248	2	2	6.2032413932511	19.848593031246555
52	252	1	1	3.416496698396562	11.672449690154608
52	253	1	1	3.2265542290021694	10.410652192691783
52	256	1	1	3.5607962322728506	12.679269807768529
52	261	2	2	7.358850808828263	27.112621549223302
52	263	1	1	3.014712583506622	9.08849196115317
52	265	1	1	2.7175132137002884	7.384878066635669
52	266	1	1	3.60839260220448	13.020497171644017
52	269	1	1	3.726626907092675	13.887748104667118
52	270	1	1	3.1868436273364336	10.155972305094837
52	272	1	1	3.5232885717011455	12.413562359479897
52	273	1	1	3.5604856660326734	12.67705817802413
52	275	1	1	3.987661124924407	15.901441247233386
52	277	3	3	8.447872529182261	24.781274913792583
52	278	1	1	3.1091752281329335	9.666970599235478
52	280	1	1	3.7067572899431585	13.740049606546748
52	282	1	1	3.342850479817472	11.174649330415901
52	283	1	1	4.00653107949184	16.052291290934047
52	284	2	2	5.805235980725554	16.985679123092755
52	286	2	2	5.413175658792006	15.24404383713857
52	287	2	2	6.457988186045236	21.007054063669724
52	292	1	1	3.7188587281919867	13.82991024024972
52	294	1	1	3.6334098221762487	13.20166693588684
52	297	1	1	3.847967972344065	14.806857516185694
52	298	1	1	3.966455680866777	15.732770668280327
52	300	1	1	2.4153991680533333	5.8341531410327345
52	302	1	1	3.275386208621163	10.728154815625718
52	310	1	1	3.587264214169314	12.868464542259787
52	315	1	1	3.403230382606645	11.58197703709697
52	316	1	1	3.362307061671526	11.305108776966211
52	317	2	2	6.679249461782854	22.894807054878637
52	319	2	2	7.50223328421165	28.15111404878859
52	320	1	1	2.710423052504678	7.3463931235487765
52	322	1	1	3.145377250514353	9.893398048053232
52	323	1	1	3.3430952195816706	11.176285647189818
52	324	1	1	3.7309912665751956	13.920295831260383
52	325	1	1	2.3225335963479745	5.3941623061650565
52	332	1	1	3.565293085917666	12.711314788492313
52	340	1	1	3.51169698807302	12.33201573604112
52	345	1	1	3.8476783265626366	14.804628504699853
52	346	1	1	2.3312181680785424	5.434578147179475
52	348	2	2	6.893789970332886	23.84644474958197
52	358	1	1	3.456210497504527	11.94539100306049
52	360	1	1	3.624112578462245	13.134191981368263
52	361	1	1	3.528491646772961	12.45025330134656
52	363	1	1	3.105422995691604	9.643651982170217
52	365	1	1	3.5638167122784377	12.700789558715092
52	370	1	1	3.2675945576353023	10.677174193087847
52	374	1	1	3.662123162886437	13.411146060149362
52	377	2	2	7.6689328623056605	29.510994635322685
52	384	1	1	4.095866550718818	16.77612280129727
52	386	1	1	3.8179331124110814	14.576613250844966
52	387	1	1	3.647992841334017	13.307851770424234
52	391	1	1	4.085397462211815	16.69047242424674
52	393	1	1	3.7193597011315713	13.833636586401532
52	396	1	1	3.1478990141552545	9.909268203319623
52	406	1	1	3.68061775907311	13.546947088404362
52	409	1	1	3.621461476730433	13.114983227442568
52	414	1	1	3.9551716640934265	15.643382892447564
52	416	1	1	3.617163237339682	13.083869885561688
52	419	1	1	3.178684555348246	10.104035502409477
52	422	1	1	3.70476411812645	13.725277170957252
52	429	1	1	3.2397868610327625	10.49621890492052
52	431	1	1	3.2793327748365213	10.754023448116998
52	432	1	1	3.5927738530166473	12.908023958920086
52	433	1	1	3.6318207909135847	13.190122257312176
52	440	1	1	3.5634077469505447	12.697874771027157
52	443	1	1	3.6931718389931434	13.639518232331996
52	447	1	1	2.9379245164112704	8.631400464130397
52	451	1	1	3.234727248442859	10.46346037181871
52	453	1	1	4.213511944675656	17.753682907924432
52	461	3	3	10.827159495093728	39.57727909203293
52	463	1	1	4.065129284471839	16.525276099470524
52	465	1	1	3.650965863668264	13.329551737670952
52	468	1	1	3.6606536839481523	13.400385393803179
52	474	1	1	4.029785051885899	16.239167564403036
52	481	1	1	3.1163552185850274	9.711669848402133
52	486	2	2	7.727092794823345	29.90527429865805
52	490	1	1	3.6049018138911837	12.995317087795947
52	496	1	1	3.666620134512244	13.444103210810587
52	498	1	1	3.8000104314586975	14.440079279194917
52	499	1	1	3.7476152348949303	14.044619948816583
52	501	1	1	3.929127527548464	15.438043127739105
52	504	1	1	3.6794492577532907	13.538346840381243
52	507	1	1	4.021316394401025	16.170985543878462
52	516	1	1	4.045697449625287	16.36766785390455
52	529	1	1	3.4200970463283022	11.697063806303577
52	546	1	1	3.7332657963393427	13.937273506117227
52	551	1	1	3.7485166328484962	14.051376946741827
52	556	1	1	3.8754132912925727	15.018828178327132
52	561	1	1	3.625092429759198	13.141295124297447
52	563	1	1	3.4657202763260124	12.011217033737251
52	570	1	1	4.032927710132142	16.264505915151684
52	579	1	1	3.5210198713929954	12.397580934744346
52	584	1	1	3.5901251353381016	12.888998487386422
52	585	1	1	3.703486468168289	13.715812019905625
52	591	2	2	7.866510839908081	30.951716621978807
52	619	1	1	4.088101445446554	16.712573428262207
52	625	1	1	3.8399302041311727	14.745063972598869
52	648	1	1	3.8288580063253788	14.660153632601954
52	652	2	2	7.327492965290899	26.851525560323218
52	712	1	1	4.003924949783782	16.03141500350106
52	736	1	1	3.8324026097288404	14.687309763056426
52	749	1	1	4.026790541317724	16.21504206364589
52	781	1	1	4.014019054840546	16.11234897262299
52	815	1	1	4.094053989086059	16.761278065551473
52	856	1	1	3.6573164390324324	13.375963535216872
52	865	1	1	3.968891356674048	15.752098601081963
52	866	1	1	4.027997201269027	16.224761453431118
52	872	1	1	3.9821571063038186	15.857575219286002
52	932	1	1	3.8638681938086283	14.929477419125952
56	0	33	0	0.0	0.0
56	1	1723	64	106.32585166150014	214.91231554088637
56	2	769	37	48.991405701100874	89.46044285753112
56	3	467	33	38.70940511398804	51.330752066169026
56	4	323	33	31.608609763812183	37.046402448779695
56	5	244	35	37.010054794757465	50.2822500702045
56	6	162	27	26.0902822703591	40.627106821783585
56	7	144	35	27.470357394482672	28.520107740666646
56	8	115	24	28.13124410788083	52.10080546205961
56	9	113	27	27.18973795207897	39.92609802015928
56	10	101	33	32.19794610653963	47.47361778230197
56	11	84	23	27.806867451457887	55.883379242058595
56	12	69	20	18.507146246606	29.64663532181872
56	13	51	19	13.890207450473604	16.873110292760504
56	14	53	14	12.094713102698282	14.545336193343516
56	15	49	14	9.338055055993504	8.904620218301138
56	16	47	17	13.919938895965617	15.77121630816804
56	17	25	9	6.154013698118843	5.510180461106763
56	18	43	22	12.62471186839887	9.78403923616277
56	19	34	10	4.88641511916304	3.0445181962225742
56	20	40	16	8.932216388480313	8.130276146418193
56	21	37	21	13.108891568090373	12.277523662775538
56	22	27	9	3.7270472976669895	1.8955513381556572
56	23	20	7	7.202187641279142	13.968265783687368
56	24	19	14	8.926170495239363	6.7367955741522
56	25	28	18	14.057691683589672	18.82566969312636
56	26	25	15	11.38245481546711	12.173968739688423
56	27	18	7	4.840637721750834	5.939311129568833
56	28	25	21	15.072052101648653	20.05527275221923
56	29	15	8	9.478465906003427	17.405085178055707
56	30	20	10	9.166948642734985	15.578111419885047
56	31	11	6	4.042867726590368	3.2664365674020637
56	32	15	8	4.203313232278763	2.9968228047281222
56	33	18	11	7.862140773080232	14.022672323591646
56	34	12	8	8.571275744517775	10.50593498546639
56	35	8	4	1.3658658000507153	0.5525497543791409
56	36	14	8	6.6189440230412995	7.872791087443594
56	37	13	9	5.330053662263239	3.4761000482569395
56	38	9	6	2.684169300969267	1.4549167948099913
56	39	18	13	7.197729089938193	6.715363075163572
56	40	12	7	7.7030916047086135	13.482150047383142
56	41	8	7	3.1203161732657536	1.691650833432665
56	42	9	6	3.1939265679612183	2.1930193683893564
56	43	9	9	7.748660368529448	11.151713293347798
56	44	11	8	8.618296741400066	15.186713112466915
56	45	8	5	4.973796283588609	11.529437659790325
56	46	11	6	7.142122072376011	15.45216469331723
56	47	9	6	7.835947622032363	13.559605292803104
56	48	6	5	6.780598099463864	12.509550636908731
56	49	6	6	3.7239546999067565	4.419164874211728
56	50	3	3	1.8083748139750702	1.326874356936041
56	51	10	10	5.457851850121564	4.331693049140025
56	52	13	12	12.87803668531355	20.425275496369704
56	53	10	8	7.964499828377597	16.99341218985861
56	54	10	10	6.853517406126925	7.4341855283619696
56	55	10	6	3.4863882847805665	2.742574081638044
56	56	6	6	5.9792347228610545	11.982460527617114
56	57	7	6	2.8621922225168204	1.8746631923359784
56	58	7	4	2.3052426215561868	1.528015211455169
56	59	3	3	2.8786435324322555	3.0413393028089293
56	60	7	6	5.788954812270144	10.044411538406893
56	61	1	1	0.39748986639951184	0.15799819389030176
56	62	3	3	2.435099831069765	2.2385210344327477
56	63	3	2	1.280847741487072	1.274366946024202
56	64	12	11	9.402866410128572	9.73302812111386
56	65	7	7	4.6458277836195485	3.980798990115669
56	66	6	6	2.9274330076670028	1.854904692455072
56	67	4	2	0.6522215109248739	0.22660987638302213
56	68	8	7	6.73984683935187	10.712252104525362
56	69	6	5	6.20962896789629	8.952306080994493
56	70	4	4	2.273977565899544	1.59285282267924
56	71	3	3	1.6228180627932371	1.2152947526417772
56	72	7	6	2.5655629803099504	1.3755794547950821
56	73	5	5	4.825628057106749	6.638515147800574
56	74	3	3	1.1989668704123189	0.5799347929063087
56	75	5	4	2.8715927393556293	2.227958477274279
56	76	4	4	2.9814032781671456	3.0266725121856686
56	77	5	4	2.817122765371176	3.348333065787263
56	78	7	6	1.79079730059451	0.6211966121866447
56	79	5	4	3.0828326595998394	4.105812341604831
56	81	3	2	1.6389516261512207	1.3456022587596004
56	82	6	5	3.9269108070822343	3.710815902779577
56	83	6	6	9.11276054085406	19.30909074138165
56	84	4	2	0.7695484948853224	0.42748308845195093
56	85	5	5	3.115087466402652	2.150477689751908
56	86	4	4	4.387217934999008	9.481294800122212
56	87	7	7	5.736754258012939	8.349409601508336
56	88	4	4	4.924161974023497	8.631372558372485
56	89	5	5	4.7825477731852	6.286235671530158
56	90	3	3	2.517440685760304	3.3540315759653376
56	92	5	5	3.481559146341529	4.426053512200539
56	93	4	4	4.788425643285867	9.438473771450722
56	94	5	5	2.453327797853382	1.6458273380477506
56	95	2	2	4.165791050283355	10.055450834618576
56	96	4	4	5.149120530483089	8.699978930722466
56	97	3	3	2.3314353831531864	2.418295994555103
56	98	3	2	3.4566377994045068	5.978987261501221
56	99	5	5	6.553112159034539	15.89646371886319
56	100	1	1	0.18988541631464004	0.036056471328984166
56	101	2	2	1.8754102273086748	1.8878170352492387
56	102	3	3	2.1497301349338884	1.617290101764756
56	103	4	3	1.8793500288039158	1.3027577086014763
56	104	2	2	2.513060739487009	3.5790228764187195
56	105	3	3	2.127203236650954	2.487317400473188
56	106	3	3	1.1854552768431088	0.549562606226514
56	107	1	1	0.7789566872206508	0.6067735205657708
56	108	3	3	2.304530886285613	1.9359415716128645
56	109	1	1	0.4298495114281997	0.184770602475062
56	110	2	2	3.4611973345607354	8.178305392038393
56	111	2	1	0.979865334242082	0.960136073249347
56	112	2	2	1.8400851980636075	1.8026257434470498
56	113	4	4	2.7271023529441067	2.204821385836972
56	114	7	7	7.921247714423756	13.534504456326976
56	115	3	3	4.238422408827066	6.556598405598596
56	116	1	1	1.0275011511202992	1.05575861555354
56	117	1	1	0.6119598325485449	0.3744948366528431
56	118	6	6	10.844205192155673	25.174989438134453
56	119	5	5	6.604081557375616	11.934384836869004
56	120	3	3	4.304131000576103	9.148573191039578
56	121	4	4	3.1700893372340735	3.413525127697607
56	122	3	3	1.5855992915260486	1.0752164011624596
56	123	1	1	0.5282256463396257	0.27902233345091526
56	124	2	2	1.59156922697067	1.555205064176084
56	125	5	5	6.028209718141694	10.452153084223466
56	126	3	3	1.5257093031902051	0.8782581247035861
56	127	1	1	1.5987275406543362	2.5559297492466624
56	129	2	2	2.7025308067042353	4.055633351933037
56	130	2	2	2.154925785407327	2.323024580534586
56	131	4	4	6.00549494901729	10.883673554028919
56	132	2	2	2.0328116740939453	2.3541741894323343
56	134	7	7	4.317801822179431	3.754026253328579
56	135	1	1	1.8742411625208586	3.5127799352875395
56	136	2	2	1.3401304836400953	0.9576670429533308
56	137	2	2	0.9717759989919754	0.5640766710206997
56	138	2	2	2.009957979411407	2.207493687219524
56	139	3	3	2.872468855495136	3.5856000923668496
56	140	4	4	4.330352052257017	5.616475753455712
56	141	1	1	0.09927112818184246	0.009854756890495796
56	142	2	2	3.489569488171771	6.168555704586347
56	143	1	1	1.9388789903672063	3.7592517392873575
56	144	2	2	1.2351479238524061	0.7628161709045741
56	145	3	3	3.831554457394092	6.626811115252563
56	148	1	1	1.3830025065181537	1.9126959330354958
56	149	1	1	0.8362234797960613	0.6992697081622337
56	150	2	2	1.700350007470254	1.4826627393344456
56	151	1	1	0.5550633812550759	0.3080953572103178
56	152	5	5	4.998707622234799	7.580842422175622
56	154	2	2	3.9094207990912233	8.913630153960396
56	155	1	1	2.44902211881008	5.9977093384210125
56	158	1	1	2.087413191315831	4.357293831279342
56	159	2	2	1.3063399410210055	0.8538989047182024
56	160	2	2	4.14230915529161	9.9951789957282
56	162	1	1	1.8669696555783528	3.485575694850353
56	164	2	2	1.2047750813550744	0.7642839371497505
56	166	1	1	3.0020563881907996	9.012342557877188
56	167	2	2	2.0410646405385076	2.086559683324985
56	168	2	2	0.9640019109227747	0.5275878235341208
56	169	1	1	0.4837924650357609	0.23405514922537793
56	170	2	2	3.47834348261628	7.280063931794643
56	171	1	1	2.4455928369787467	5.980924324281755
56	172	1	1	2.830027793873093	8.009057314094205
56	174	3	3	4.213977074875564	6.044212864714846
56	175	2	2	2.7158533333431873	4.083321575462442
56	176	2	2	3.7818745467907005	8.532714730872238
56	177	1	1	1.0511881743309435	1.104996577853222
56	178	1	1	0.8764598540603332	0.7681818757794606
56	180	1	1	0.7134163895148601	0.5089629448284185
56	181	1	1	2.6062366997613524	6.792469735182946
56	182	1	1	0.3596152569448105	0.12932313302748208
56	184	1	1	0.963415340633236	0.9281691185674541
56	185	2	2	3.3480950955826922	7.109950598754863
56	186	2	2	1.732855146079439	1.5736500963087092
56	187	2	2	1.9233524916727234	1.9942324019797601
56	188	2	2	1.317408377439778	1.2640830868874955
56	189	1	1	2.2915016518329323	5.2509798203530575
56	191	1	1	2.226290153210236	4.956367846280857
56	192	1	1	1.1879056250924274	1.4111197741262307
56	193	1	1	2.3084564305033335	5.328971091532192
56	194	2	2	1.7007441661792941	1.4519670658419417
56	195	2	2	0.915505477603509	0.4540137888653706
56	199	1	1	1.7186355848221544	2.953708273416989
56	200	4	4	5.405194114877755	9.345157625372373
56	202	1	1	1.0280959953328976	1.0569813756195414
56	204	2	2	3.457240931333991	5.979891762926597
56	206	1	1	2.2426998562239273	5.029702645106824
56	209	1	1	0.750046500803656	0.5625697533678087
56	212	1	1	2.6018847087346146	6.7698040375470105
56	213	2	2	4.540594594311713	10.82886102794065
56	214	1	1	1.2613167258163154	1.59091988282399
56	216	1	1	2.722904938094904	7.414211301901614
56	217	1	1	1.1490639992554434	1.3203480743849136
56	219	1	1	2.176192652940146	4.73581446271067
56	221	1	1	1.555948698076519	2.420976351046014
56	223	1	1	1.4215186582461354	2.0207152957418932
56	224	2	2	3.71427728519474	7.156967382144305
56	225	1	1	1.3064522802663974	1.7068175606132694
56	227	1	1	2.6219544521103577	6.874645148941326
56	228	3	3	5.97369234689112	14.064360570174955
56	230	1	1	0.5102718122191814	0.2603773223454475
56	233	1	1	1.1714031946331303	1.3721854443967032
56	234	2	2	3.8230998953887285	8.614421069322356
56	238	1	1	0.9017611465745359	0.8131731654714216
56	240	3	3	4.341050834854005	7.302856830611621
56	243	1	1	2.2424115108265616	5.028409383887463
56	245	1	1	0.8144505630901101	0.6633297197177974
56	246	1	1	2.3666079900196526	5.60083337842486
56	248	2	2	2.447890593813594	3.0314147385013888
56	252	1	1	2.16809645826655	4.700642252347957
56	253	1	1	1.6690094724195566	2.7855926190262066
56	256	1	1	1.6476022959368235	2.714593325576292
56	261	2	2	3.9392788029326002	8.530887013917807
56	263	1	1	0.9178098307073069	0.8423748853429754
56	265	1	1	2.2512905457045833	5.0683091211788405
56	266	1	1	1.6914173292612247	2.860892581725174
56	269	1	1	1.1760033575438493	1.3829838969544068
56	270	1	1	2.203278921272995	4.854438004925892
56	272	1	1	1.5305164590729454	2.342480631493187
56	273	1	1	0.8813467096545421	0.7767720226188877
56	275	1	1	1.7967340369650873	3.2282531995888597
56	277	3	3	3.060187219988183	3.373155592975846
56	278	1	1	1.8511477659604447	3.426748051420345
56	280	1	1	1.666941300562537	2.7786932995211227
56	282	1	1	1.7100949125550602	2.924424609946699
56	283	1	1	1.940083559241165	3.7639242168378666
56	284	2	2	2.9467707096059668	4.351861023257596
56	286	2	2	3.890316921204928	7.799580419072053
56	287	2	2	1.9772978334152396	2.4042675339716046
56	292	1	1	1.5792518120261583	2.4940362857879044
56	294	1	1	1.5167454212144216	2.300516672774913
56	297	1	1	0.8411128780123228	0.7074708735581726
56	298	1	1	1.1205816062651777	1.2557031362998456
56	300	1	1	1.3925498949471915	1.939195209917434
56	302	1	1	1.2590509836140495	1.5852093793395057
56	310	1	1	1.282207091080528	1.6440550244171896
56	315	1	1	0.9112545783682671	0.8303849065971282
56	316	1	1	1.2998418302522214	1.689588783673445
56	317	2	2	4.538672351038795	11.286434250323213
56	319	2	2	4.126301550713543	9.326408143148926
56	320	1	1	1.6869853056329895	2.8459194214216312
56	322	1	1	1.9658487015138482	3.864561117243683
56	323	1	1	0.9673925559614113	0.9358483573295522
56	324	1	1	1.5984049818214614	2.5548984859116666
56	325	1	1	1.9313734684936985	3.7302034748013795
56	332	1	1	1.2836878545727608	1.6478545079776175
56	340	1	1	0.9994791812958677	0.9989586338438579
56	345	1	1	1.9258335184666193	3.7088347408495186
56	346	1	1	1.8286863704109158	3.3440938413266488
56	348	2	2	4.1417116940810095	8.841374588072028
56	358	1	1	2.66710819037746	7.113466099178528
56	360	1	1	1.6959522203379398	2.876253933669188
56	361	1	1	2.25140870683565	5.068841165215374
56	363	1	1	1.0683632965621745	1.141400133441197
56	365	1	1	1.5909342410041345	2.5310717591994014
56	370	1	1	2.9032763164268816	8.429013369525242
56	374	1	1	1.7017163115894618	2.895838405129642
56	377	2	2	4.85612549756813	11.840974404330996
56	384	1	1	2.768664906758137	7.665505365914043
56	386	1	1	2.60554898549472	6.788885515812564
56	387	1	1	2.4052688844140286	5.785318406330306
56	391	1	1	2.6791657295690903	7.177929006497476
56	393	1	1	1.0444434177270088	1.0908620528332749
56	396	1	1	1.7055629618193562	2.908945016730015
56	406	1	1	1.6421359062092686	2.696610334461736
56	409	1	1	2.771568411455071	7.6815914593755865
56	414	1	1	1.0225700277776806	1.0456494617092464
56	416	1	1	2.2738746736980993	5.170506031685638
56	419	1	1	2.4072869565047794	5.795030490958044
56	422	1	1	1.308075983730876	1.711062779213499
56	429	1	1	1.529330870375514	2.338852911083527
56	431	1	1	2.64944537645306	7.019560802808496
56	432	1	1	1.7621423216294658	3.1051455616776837
56	433	1	1	2.458126843447731	6.042387578478305
56	440	1	1	1.8537728097121846	3.4364736300282073
56	443	1	1	1.770769446171972	3.1356244314961925
56	447	1	1	1.7505274525623673	3.0643463621744913
56	451	1	1	2.4069354166791848	5.7933381000646005
56	453	1	1	2.4176370055693304	5.844968690698239
56	461	3	3	7.000189680427553	16.729578122858825
56	463	1	1	2.4878028414322833	6.189162977838542
56	465	1	1	3.227853150765383	10.41903596290601
56	468	1	1	3.063136997050344	9.3828082626986
56	474	1	1	0.7783569659223691	0.6058395663998761
56	481	1	1	1.9012992873257195	3.614938979985289
56	486	2	2	5.2848372862384725	14.05708440454133
56	490	1	1	2.739612330456888	7.50547572119142
56	496	1	1	2.0627746260424864	4.2550391578447195
56	498	1	1	2.5418180252778773	6.4608388736275275
56	499	1	1	1.8774670862530785	3.5248826599636245
56	501	1	1	2.309816830356787	5.335253789799474
56	504	1	1	2.8747368216334372	8.264111793655117
56	507	1	1	1.3899895625888865	1.932070984106044
56	516	1	1	2.790978473302655	7.789560838438818
56	529	1	1	2.3148951501542636	5.3587395562077305
56	546	1	1	2.7436211142604643	7.527456818615832
56	551	1	1	1.3739394094469022	1.8877095008313023
56	556	1	1	1.657046170254677	2.745802010355692
56	561	1	1	2.3677886135320123	5.606422918371849
56	563	1	1	2.589978593807393	6.707989116380521
56	570	1	1	2.399698299142357	5.758551926906721
56	579	1	1	2.6105959544816053	6.815211237555724
56	584	1	1	2.4711522117290694	6.106593253533472
56	585	1	1	1.7305116074003684	2.9946704233474066
56	591	2	2	5.396056971556818	14.669647137860137
56	619	1	1	2.5816398823029023	6.664864481896943
56	625	1	1	2.6665030630358073	7.110238585179342
56	648	1	1	2.93558325725528	8.61764906027752
56	652	2	2	5.498900255846632	15.233455329579673
56	712	1	1	2.683560298578302	7.201495876105666
56	736	1	1	2.3156407031317605	5.362191866000554
56	749	1	1	2.7933138679408436	7.802602364830636
56	781	1	1	2.7734447020454267	7.691995515303845
56	815	1	1	3.1176775214076926	9.719913127490814
56	856	1	1	2.702284844372611	7.302343380125907
56	865	1	1	3.082002061518872	9.498736707206577
56	866	1	1	2.8574338274565543	8.164928078293013
56	872	1	1	2.827082142422815	7.992393440005975
56	932	1	1	3.0609960348869762	9.36969672559379
64	0	33	0	0.0	0.0
64	1	1723	141	282.0365970953848	790.4921022985893
64	2	769	111	190.86929247034902	478.28898480138133
64	3	467	96	136.97552727880964	317.1302536448014
64	4	323	97	140.11889407046826	317.1223621886801
64	5	244	78	126.04539948557118	300.0698776437511
64	6	162	56	87.41376375413738	208.62590425092793
64	7	144	71	107.94566452599628	261.6722244453349
64	8	115	58	85.40662742209877	197.11109090932436
64	9	113	58	69.4904569925894	132.26670741107387
64	10	101	60	76.77092892248797	152.26898237162985
64	11	84	44	57.94241898532033	117.71675341303468
64	12	69	45	56.48879402576641	118.89149555917876
64	13	51	30	48.809185754193045	107.96560014516398
64	14	53	35	52.774455575487934	104.43256490733864
64	15	49	32	39.68421840565769	82.31461241410474
64	16	47	37	51.381474740457634	102.37006111076614
64	17	25	18	27.6795893229802	51.216049651356506
64	18	43	36	59.20245630628773	123.41705226701538
64	19	34	29	24.218097482860596	30.768355888716265
64	20	40	29	46.3376893345133	100.98123932405377
64	21	37	29	48.800774929581785	123.00952508293012
64	22	27	21	29.232395627235253	58.68972009313292
64	23	20	17	20.852210611269097	35.14981450504701
64	24	19	17	31.209632246108594	87.2124380655432
64	25	28	23	33.38738205539646	77.99866602227628
64	26	25	23	32.59815292808825	65.69033513448478
64	27	18	16	31.2813849591962	88.35171887203565
64	28	25	25	48.437146718904266	122.59496221595505
64	29	15	12	23.88813452425393	65.28791548878668
64	30	20	20	33.08741921718182	75.5980122873877
64	31	11	10	13.372478329828523	27.5476686330939
64	32	15	14	24.28737816902313	58.0000046037702
64	33	18	18	28.60074161456172	65.20858286215058
64	34	12	11	19.1582472624486	40.92750715579032
64	35	8	7	13.01375624656467	28.305317696633765
64	36	14	14	23.909010315390553	56.120974799328216
64	37	13	13	20.21474945328864	46.513576022659414
64	38	9	8	12.894711489495096	26.61009500544405
64	39	18	18	29.749914067397867	65.01519451883954
64	40	12	12	17.06205309632936	35.22794884777246
64	41	8	8	18.975889041488706	48.42414695716913
64	42	9	9	13.20046905322442	30.913817267252952
64	43	9	9	17.278797023315235	44.47186265183848
64	44	11	11	21.811881706537015	53.403259335132326
64	45	8	8	12.223483701283339	26.003857406531544
64	46	11	11	14.855454482131359	29.991139949517304
64	47	9	9	15.284884552063199	29.781975827471744
64	48	6	6	11.053316669058324	25.817113196191855
64	49	6	6	13.976509655451494	36.90382880059718
64	50	3	3	8.173359843667654	25.418449706185
64	51	10	10	21.493998208497874	57.25613293521046
64	52	13	13	23.363346021611804	53.37067240244019
64	53	10	10	19.85513880871905	44.72647378760949
64	54	10	10	17.226436352841333	41.86134346616439
64	55	10	10	17.779908493214876	35.89216120189402
64	56	6	6	11.097108836095257	24.27675166553389
64	57	7	7	10.793830858123437	23.71786299390216
64	58	7	7	12.27421784328293	27.800035534893254
64	59	3	3	7.810205867530046	21.550247891986334
64	60	7	7	15.544197790153472	40.60566250160301
64	61	1	1	2.626912124093085	6.900667307707244
64	62	3	3	9.039591003567114	28.06131067029331
64	63	3	3	4.0804386865047535	8.607882458334528
64	64	12	12	26.25020850026303	65.76381919685294
64	65	7	7	15.11716536739822	35.49396511062165
64	66	6	6	14.344848202380781	34.729130179969
64	67	4	4	9.734309054947909	29.288622936231533
64	68	8	8	21.04261273392678	62.0697624489099
64	69	6	6	11.34818770933532	23.26558455983242
64	70	4	4	11.886611859129104	36.74808315546944
64	71	3	3	6.544781002192687	14.504248221598774
64	72	7	7	13.502482619515574	30.860634480596644
64	73	5	5	10.031419277615921	22.4787277109516
64	74	3	3	10.17442908452002	35.35952788118232
64	75	5	5	10.287717852063434	21.691421505331153
64	76	4	4	6.520225953815957	14.089804036800329
64	77	5	5	11.073167821453783	28.701076632160778
64	78	7	7	11.21548767285294	20.20237450305662
64	79	5	5	11.606584354191215	27.320007474706166
64	81	3	3	4.648877074004605	8.170581165623721
64	82	6	6	13.420041549803205	33.01813525357604
64	83	6	6	13.221257266220807	30.213172728817685
64	84	4	4	6.489828440333262	12.577539911536658
64	85	5	5	11.941476561260385	29.259493441205517
64	86	4	4	6.622931623972443	13.205791485705328
64	87	7	7	16.09911718421559	39.04510162558312
64	88	4	4	7.80864293828295	15.573747955687047
64	89	5	5	11.531841115009145	30.140950126142933
64	90	3	3	7.426893242109543	18.64653650321752
64	92	5	5	10.162684768763032	24.88029887438502
64	93	4	4	10.85979688767803	32.44861509584088
64	94	5	5	13.21165864970712	36.45187215210656
64	95	2	2	5.149029778517522	13.2574818699924
64	96	4	4	8.21335510341172	18.081168476202457
64	97	3	3	5.815320230220016	14.073205416743354
64	98	3	3	6.8382188306515035	19.7154971400683
64	99	5	5	11.783363403169789	29.32535317713722
64	100	1	1	1.8887430680457096	3.56735037709072
64	101	2	2	6.1601171431607105	19.277684092386565
64	102	3	3	9.21099780298775	28.463044394818496
64	103	4	4	7.327146409574157	13.534095646952922
64	104	2	2	4.8061845542214625	11.846120162389623
64	105	3	3	5.425060787982915	10.791857329638708
64	106	3	3	5.938260873317014	12.33013502610588
64	107	1	1	2.5658204777087716	6.5834347238296695
64	108	3	3	7.678446598564239	19.811539976627174
64	109	1	1	2.602120341822193	6.771030273324847
64	110	2	2	4.622765814631938	14.526439866731696
64	111	2	2	4.212304964312613	9.020617720037063
64	112	2	2	5.519383205694027	15.25171918128391
64	113	4	4	6.732469469213848	11.723827183924595
64	114	7	7	17.535030733637637	47.105712489411154
64	115	3	3	6.639694705093638	15.400190221758116
64	116	1	1	2.2441861075953202	5.036371285523834
64	117	1	1	2.0346768494487013	4.1399098816824935
64	118	6	6	13.96899770343964	35.16417182155201
64	119	5	5	11.708187338532454	28.513027258391464
64	120	3	3	7.496589599272896	19.02374730363043
64	121	4	4	8.606120620946276	19.393962790812147
64	122	3	3	5.952919247837815	13.354909693649091
64	123	1	1	3.0090984896233235	9.054673720253367
64	124	2	2	7.240215378653064	26.22250312045333
64	125	5	5	14.140304481921374	41.20928318773746
64	126	3	3	8.960587708789753	28.330717005899086
64	127	1	1	2.62248624218874	6.877434090469219
64	129	2	2	4.792764291092702	11.489260256112729
64	130	2	2	4.786437801268615	11.585290390888582
64	131	4	4	8.766963423353705	19.845148531192052
64	132	2	2	5.119298848924721	13.38359588033253
64	134	7	7	17.89020279448716	46.20294555320593
64	135	1	1	2.329641136078499	5.427227822909121
64	136	2	2	4.792962185308741	11.49269722516584
64	137	2	2	4.234281506371068	9.00390956396881
64	138	2	2	6.363645019694253	20.638500497326177
64	139	3	3	7.63732369883857	19.612249668416077
64	140	4	4	10.752809632543357	29.357688421223735
64	141	1	1	3.521178748365478	12.398699777940674
64	142	2	2	6.263625982583786	20.068549143166408
64	143	1	1	1.559479779430997	2.4319771824541507
64	144	2	2	5.328709059390841	14.29727178007879
64	145	3	3	7.764708247244718	20.731683562789197
64	148	1	1	3.633809143771726	13.204568893359005
64	149	1	1	1.564316316347525	2.4470855375910903
64	150	2	2	6.506716350253397	21.4292178739573
64	151	1	1	1.1470762312508114	1.3157838803005648
64	152	5	5	14.479176180926867	42.638965047616566
64	154	2	2	5.904948937798816	17.613650053697732
64	155	1	1	3.076215641209622	9.463102671222726
64	158	1	1	3.2489375311563498	10.555595081356318
64	159	2	2	5.363427343785391	14.448775654898443
64	160	2	2	6.415014805690288	20.592233874767828
64	162	1	1	2.601257458345649	6.766540364598866
64	164	2	2	4.583678130632703	10.707207267781762
64	166	1	1	2.9612773384980793	8.769163475502268
64	167	2	2	6.006437401234346	18.431624873652982
64	168	2	2	5.547708238279412	15.481806570075864
64	169	1	1	2.440986549128674	5.958415333027113
64	170	2	2	5.801692801461924	17.013154098108846
64	171	1	1	2.7026923546224766	7.304545963734787
64	172	1	1	1.6345012008761313	2.6715941756655153
64	174	3	3	6.65953439475774	15.568221333638528
64	175	2	2	4.812867020277029	11.583111774387465
64	176	2	2	5.478043808953129	15.00921462912219
64	177	1	1	3.4654129405847884	12.00908684877251
64	178	1	1	2.6364316630264626	6.950771913808479
64	180	1	1	1.9564578569743787	3.8277273461167782
64	181	1	1	2.9020136940625187	8.421683480526386
64	182	1	1	2.7008799107849137	7.294752292481523
64	184	1	1	3.0048572744878284	9.02916724004242
64	185	2	2	4.548559909841563	10.847984916879328
64	186	2	2	5.3780845772871775	14.497784822634815
64	187	2	2	4.956529006099533	12.330955258928261
64	188	2	2	4.0125679342864204	8.08825679133698
64	189	1	1	2.336736176531114	5.460335958709249
64	191	1	1	2.1456935558733203	4.604000835716294
64	192	1	1	2.411620199010616	5.815911984276004
64	193	1	1	2.736125426947434	7.486382351988279
64	194	2	2	5.186778539247395	13.462982954525254
64	195	2	2	6.668478548113	22.297929574620483
64	199	1	1	2.6443593798498695	6.992636529799986
64	200	4	4	12.371239238778294	38.92492716965603
64	202	1	1	2.686570996406615	7.217663718733233
64	204	2	2	4.710925432809437	11.405393524890325
64	206	1	1	2.9664626077070655	8.799900402924203
64	209	1	1	3.130905595009057	9.802569844859017
64	212	1	1	2.8151938805405297	7.925316585032846
64	213	2	2	5.423293669269733	14.712768329624716
64	214	1	1	2.4425138318170863	5.965873818617785
64	216	1	1	2.6489604834373974	7.01699164281289
64	217	1	1	3.5944738227712563	12.920242062587809
64	219	1	1	3.552495607016575	12.620225037872064
64	221	1	1	3.557829065980036	12.658147662732375
64	223	1	1	2.6755721453547676	7.158686304998314
64	224	2	2	6.395564815169866	20.58512510582779
64	225	1	1	2.9760192539553865	8.856690599913176
64	227	1	1	2.4986710406950006	6.243356969607837
64	228	3	3	9.743992852149459	31.960566820248772
64	230	1	1	3.0676392081400357	9.410410311318024
64	233	1	1	3.4093247022742275	11.62349492553725
64	234	2	2	5.663635218403595	16.038382303890778
64	238	1	1	3.315350668074387	10.991550052301283
64	240	3	3	8.915140925627039	26.719349855377633
64	243	1	1	2.794887282665169	7.811394922803493
64	245	1	1	3.2133135692450407	10.325384094294304
64	246	1	1	3.665455872721509	13.4355667548686
64	248	2	2	6.3944500735101215	20.78489047243983
64	252	1	1	2.7111307008553833	7.350229677120602
64	253	1	1	2.305303698217926	5.314425141017247
64	256	1	1	3.5564745955851675	12.64851154904268
64	261	2	2	5.6802413548461015	16.192343216308878
64	263	1	1	2.5096931772760724	6.298559844066068
64	265	1	1	3.237359574335498	10.480497013541717
64	266	1	1	2.3991150040837383	5.755752802819716
64	269	1	1	3.3728351861039236	11.376017192620688
64	270	1	1	3.433199287246111	11.786857345947205
64	272	1	1	2.796291485113303	7.8192460697171615
64	273	1	1	2.947616424225396	8.68844258436331
64	275	1	1	2.822268761952231	7.965200964691378
64	277	3	3	9.457840840327176	30.938127985803277
64	278	1	1	3.054491881193769	9.32992065227865
64	280	1	1	3.03100817421836	9.187010552178517
64	282	1	1	3.2784065203596557	10.747949312736706
64	283	1	1	2.7066741799869525	7.326085116608041
64	284	2	2	5.464400355910256	15.010916501410495
64	286	2	2	5.339724059498069	14.320801550313952
64	287	2	2	5.883048161484245	17.35624923374968
64	292	1	1	3.6613730777661275	13.405652814590605
64	294	1	1	2.5629712836134133	6.568821800626988
64	297	1	1	3.5682351984432525	12.732302431409359
64	298	1	1	3.3356991519610655	11.126888832393771
64	300	1	1	2.516195267857265	6.331238625987294
64	302	1	1	2.890317867432454	8.353937374799289
64	310	1	1	3.1777639122627024	10.098183482079156
64	315	1	1	2.2353608996129144	4.996838351518258
64	316	1	1	2.766036010212824	7.650955209794078
64	317	2	2	7.259529067962696	26.351269491090818
64	319	2	2	7.150826735956311	25.56740865759088
64	320	1	1	2.8231888969057675	7.9703955476120045
64	322	1	1	3.479107013556423	12.104185611777492
64	323	1	1	2.781427166736843	7.736337083861741
64	324	1	1	3.5081268864562656	12.306954251477332
64	325	1	1	3.468723755281509	12.032044490454254
64	332	1	1	3.1377658417574907	9.845574477700094
64	340	1	1	3.348677746751148	11.213642651586346
64	345	1	1	2.740065711175945	7.507960101562138
64	346	1	1	2.33677915694365	5.460536828326275
64	348	2	2	6.517422991741204	21.535420876476614
64	358	1	1	3.4502232630613325	11.90404056496959
64	360	1	1	3.5775700885385366	12.799007738405633
64	361	1	1	3.1015895253279	9.619857583623748
64	363	1	1	3.0269019424959454	9.162135369485727
64	365	1	1	3.5130283053483664	12.341367874178815
64	370	1	1	3.4068813096631563	11.606840258132143
64	374	1	1	3.648264709718736	13.309835392179133
64	377	2	2	5.828720449457792	17.006116387331026
64	384	1	1	3.506787190244124	12.297556397660278
64	386	1	1	3.190453910240164	10.178996153366752
64	387	1	1	2.917973195775927	8.514567571266776
64	391	1	1	3.4665258658379567	12.016801578523596
64	393	1	1	2.986066798786316	8.916594926813957
64	396	1	1	3.39295994973967	11.512177220537422
64	406	1	1	3.4446165751280735	11.86538334964706
64	409	1	1	3.532316446052745	12.477259475054696
64	414	1	1	3.567700012087567	12.728483376249624
64	416	1	1	3.4812324732012145	12.118979532470645
64	419	1	1	3.4208603950689227	11.702285842551106
64	422	1	1	2.9525593281965636	8.717606586520542
64	429	1	1	3.535733317025096	12.501410089121288
64	431	1	1	3.4272420806168755	11.74598827915109
64	432	1	1	3.580922191821957	12.82300374388297
64	433	1	1	3.519758263480185	12.388698233337049
64	440	1	1	3.7736860077744216	14.240706085272452
64	443	1	1	3.5668887261012006	12.722695184387845
64	447	1	1	3.655782189820488	13.364743419408683
64	451	1	1	3.1728411151255944	10.066920741831426
64	453	1	1	3.2546619270332386	10.592824259279714
64	461	3	3	9.86819420491448	32.69932495975531
64	463	1	1	3.475021509887407	12.075774494180154
64	465	1	1	3.8863702880812547	15.103874016080775
64	468	1	1	3.539142616999892	12.525530463464845
64	474	1	1	3.5012385976542606	12.258671717703974
64	481	1	1	3.4468984137261023	11.88110867454752
64	486	2	2	6.143248611710111	18.872161470360936
64	490	1	1	3.377868877721177	11.409998155077323
64	496	1	1	3.3716712337036436	11.36816690818465
64	498	1	1	3.6941102707283218	13.646450692300474
64	499	1	1	3.5156813879337165	12.360015621463543
64	501	1	1	3.6611286544365234	13.403863024336188
64	504	1	1	3.1967501902250723	10.219211778704036
64	507	1	1	3.706938202987621	13.741390840769093
64	516	1	1	3.004599384955071	9.027617464072392
64	529	1	1	3.127500710581612	9.78126069468849
64	546	1	1	3.569090297083306	12.738405548734201
64	551	1	1	3.514324849269999	12.350479146196601
64	556	1	1	3.518632053874633	12.380771530554018
64	561	1	1	3.406305721376885	11.602918667484902
64	563	1	1	3.918986677650586	15.358456579602779
64	570	1	1	3.8309005802322478	14.675799255623772
64	579	1	1	3.4413371053859705	11.84280107290629
64	584	1	1	3.678783110537704	13.533445174377466
64	585	1	1	3.181323349598675	10.120818254701732
64	591	2	2	6.556846752684608	21.65482454168228
64	619	1	1	3.591066922045551	12.895761638609708
64	625	1	1	4.086341369820553	16.698185790706912
64	648	1	1	3.521812880138195	12.403165962707288
64	652	2	2	6.679756490117011	22.512921102452378
64	712	1	1	3.6598770278945127	13.394699859309972
64	736	1	1	3.6862997267627278	13.588805675530962
64	749	1	1	3.5806448127217956	12.821017274871503
64	781	1	1	3.637571782991267	13.231928476414264
64	815	1	1	3.602683193135019	12.979326190097536
64	856	1	1	3.651847155317588	13.335987645801161
64	865	1	1	3.563870347847564	12.701171856267118
64	866	1	1	3.6458216294904005	13.29201535406004
64	872	1	1	3.616097827853359	13.076163500605782
64	932	1	1	3.6057394256378705	13.00135680559932
85	0	33	0	0.0	0.0
85	1	1723	85	285.36480124300783	1058.961511680442
85	2	769	61	164.02520220778638	495.82973451235785
85	3	467	62	161.2293070655934	472.4957289361022
85	4	323	58	142.87405704364215	415.27845453589714
85	5	244	63	153.09617280564504	426.9738341917165
85	6	162	28	65.28624372355532	174.67890925179304
85	7	144	49	120.94387416944467	342.52132669461355
85	8	115	32	73.48946078433437	198.39400512926912
85	9	113	49	110.69600688916503	305.0257268427512
85	10	101	49	107.85761685413566	293.3564892232519
85	11	84	32	74.98179289407129	210.41549557643845
85	12	69	37	70.57549785814035	175.83584459403863
85	13	51	20	44.57548651315718	122.58122125055618
85	14	53	26	47.914627259145085	112.05894503959163
85	15	49	23	50.77451227757662	136.47002250729417
85	16	47	30	60.05738671770829	156.40237581760954
85	17	25	16	35.297530333035695	91.41966010312217
85	18	43	30	74.11949391066385	209.7793384070715
85	19	34	23	49.31244906235734	140.96185509507893
85	20	40	22	51.1833025985257	155.47569051451404
85	21	37	24	52.60679009261561	144.55251938961695
85	22	27	15	29.496141290454034	69.73722178380565
85	23	20	16	39.83615974724581	109.32465324127764
85	24	19	16	28.027896484450856	66.75613776712991
85	25	28	19	42.35449247695865	117.38257144630408
85	26	25	20	43.14418448716785	112.66064625377157
85	27	18	15	28.928440862834663	79.56431617641533
85	28	25	24	54.50544625067319	142.76943030766287
85	29	15	11	28.34115304562968	80.0106818318785
85	30	20	17	37.30874978137547	92.60926062328474
85	31	11	10	20.331824467841653	51.91963629532908
85	32	15	9	18.45301062038996	42.30013282747669
85	33	18	13	27.127137814241614	68.78305681640467
85	34	12	11	28.314063179288347	81.36686004030994
85	35	8	3	4.172612404494882	6.799325794187991
85	36	14	11	22.342231916400628	55.0039736228312
85	37	13	11	22.70293493409443	55.42028151073219
85	38	9	7	15.314233227277672	38.81634080021694
85	39	18	16	36.70846282744065	99.41435000623788
85	40	12	10	21.116086478810814	55.579417743794046
85	41	8	8	16.52405126401029	43.08756375694151
85	42	9	8	18.813499055625854	49.56800379076662
85	43	9	9	21.28248487082997	55.66893993194269
85	44	11	11	26.438853032109233	73.34377216065666
85	45	8	7	17.394277201221733	46.1953494285228
85	46	11	9	18.49308813347145	50.489528507575905
85	47	9	8	20.9946110845589	62.426326214689496
85	48	6	5	9.727307564934305	21.302644778918083
85	49	6	5	10.976439748270018	25.451947363207474
85	50	3	3	7.732925732664411	20.005865108594307
85	51	10	9	20.252079540477837	57.15033752580834
85	52	13	12	27.664973641973134	70.98424734220305
85	53	10	9	18.82690932161204	50.40814873133916
85	54	10	10	21.941645624796244	58.11338545017384
85	55	10	10	27.520713313272058	78.98988914997368
85	56	6	6	15.709859403611008	46.17191850190012
85	57	7	7	16.68420670610781	45.49209050477622
85	58	7	6	17.34211555974571	51.356778198902816
85	59	3	3	7.605954619551717	20.714611734990235
85	60	7	6	16.58254943113871	48.021525660594314
85	61	1	1	3.160645402978201	9.989679363367236
85	62	3	3	9.706541429092601	32.33198487847406
85	63	3	3	8.028659144836844	21.70967176732381
85	64	12	10	27.624710595567567	85.2672224595529
85	65	7	7	19.085349848441975	52.94784975755117
85	66	6	6	15.238533002173405	40.81146865904677
85	67	4	4	10.504827627232391	28.93768071720731
85	68	8	8	19.827034929773347	54.04064865392934
85	69	6	6	11.326891065312452	27.35085225066024
85	70	4	4	13.229460577345572	44.95634307512949
85	71	3	3	5.780228270071644	12.584478415667242
85	72	7	7	15.747444814061819	45.02773104901522
85	73	5	5	13.315421707251174	36.469686773356976
85	74	3	3	4.925301450198555	10.828189938898236
85	75	5	5	11.607964474345751	29.01196694500608
85	76	4	4	12.399982550312174	38.6547948827671
85	77	5	5	13.536977311937271	37.5847706572972
85	78	7	7	20.98977579086729	65.1730521850906
85	79	5	5	12.492745090692708	36.70490500789019
85	81	3	3	8.579986426922211	26.419107142295065
85	82	6	5	14.950998314434608	47.09117575547779
85	83	6	6	19.187831758265244	62.015931902126965
85	84	4	4	7.089561432713683	16.719777490993465
85	85	5	5	15.399490124749661	48.60212131842547
85	86	4	4	11.813313798318994	35.550834810964375
85	87	7	7	18.829489713855533	52.79576814142477
85	88	4	4	7.534033022137832	19.976702448895733
85	89	5	5	15.334289177236974	48.554412781248004
85	90	3	3	5.988236602495798	11.995815858181508
85	92	5	5	13.478757036653809	43.27257814221731
85	93	4	4	12.449399605757375	38.824864087080556
85	94	5	5	15.332518505659955	47.5333067297188
85	95	2	2	6.570084919626929	21.602205054385486
85	96	4	4	12.32952179130353	38.47283786161313
85	97	3	3	8.450099645507512	25.09001128494974
85	98	3	3	9.921905239822188	33.23399263117088
85	99	5	5	17.140799818204815	59.27608688228239
85	100	1	1	3.228133961526974	10.420848873563836
85	101	2	2	7.32583513123154	26.84771595257941
85	102	3	3	7.9033458966438594	21.45451319476279
85	103	4	4	10.986095057190774	30.81164841584654
85	104	2	2	5.089763459948321	15.700419548410835
85	105	3	3	9.561244835037268	30.855501832625684
85	106	3	3	6.498667211557	15.25223155318748
85	107	1	1	2.2266868428704947	4.958134296212571
85	108	3	3	11.38366101249074	43.37513743746695
85	109	1	1	2.586888441894404	6.691991810806856
85	110	2	2	5.7017082853259256	16.313265318921356
85	111	2	2	5.942465869514349	18.14532600475724
85	112	2	2	5.252345056483132	14.443578953417589
85	113	4	4	10.629213308226662	29.777066206166992
85	114	7	7	19.852039805123077	59.43428318299736
85	115	3	3	7.170503494851607	17.218376970040573
85	116	1	1	3.595606351110909	12.928385032149105
85	117	1	1	3.3087166283269225	10.947605726567078
85	118	6	6	18.772482545044134	59.90522900089434
85	119	5	5	13.036777844307771	35.4762254888455
85	120	3	3	8.98625163207664	28.87162965016909
85	121	4	3	11.90403250008491	48.09371961862758
85	122	3	3	8.183215718262721	22.334134023794995
85	123	1	1	2.9408951185572763	8.648864098354016
85	124	2	2	5.712012510441198	17.389007168803168
85	125	5	5	14.538950599674763	42.781669233276226
85	126	3	3	7.510588517864067	18.83241214999869
85	127	1	1	3.1758662129115742	10.086126202313304
85	129	2	2	6.399567371935593	21.168245212401906
85	130	2	2	5.557216408377502	15.458139439935902
85	131	4	4	13.657458647602983	47.28390098862009
85	132	2	2	4.474709130043042	10.865894343980193
85	134	7	7	20.796730718042948	65.77052356312524
85	135	1	1	3.7985548252262786	14.429018760249845
85	136	2	2	5.786499985574641	16.87367068669381
85	137	2	2	5.444257174634312	15.982728200811088
85	138	2	2	6.744378784126446	23.37897691889569
85	139	3	3	7.033071662536161	19.093445565504542
85	140	4	4	12.929666939117464	43.883358410945874
85	141	1	1	1.0011571067241358	1.0023155523442426
85	142	2	2	7.834667683080392	30.696038661398777
85	143	1	1	3.2905103474863586	10.827458346914797
85	144	2	2	4.910402532854369	12.12895106323072
85	145	3	3	9.574007657032752	30.75652126714573
85	148	1	1	3.511111065430346	12.32790091378742
85	149	1	1	3.4266485865947836	11.741920536012028
85	150	2	2	6.580522763423657	21.80895785287881
85	151	1	1	4.656519954549179	21.683178087114683
85	152	5	5	17.4138592559076	60.94551553610437
85	154	2	2	6.364370156857339	20.344494998852944
85	155	1	1	3.5844621654570705	12.84836901559319
85	158	1	1	2.0407042500882966	4.164473836328437
85	159	2	2	5.735196414036662	16.78812816999445
85	160	2	2	6.621299637581695	25.549337374986834
85	162	1	1	2.461882484897254	6.060865369443878
85	164	2	2	6.550110512032329	21.470523555736673
85	166	1	1	3.3308761527080017	11.09473594467886
85	167	2	2	5.6341419362538145	16.58577245829082
85	168	2	2	5.504477485026166	15.528016904856491
85	169	1	1	2.7159829230469343	7.37656323828257
85	170	2	2	7.128995189633088	25.679259141335727
85	171	1	1	3.868793530379289	14.967563380704643
85	172	1	1	3.817594239604269	14.574025778259697
85	174	3	3	10.292909077883127	35.58884893572175
85	175	2	2	6.87440937730449	24.045909705993154
85	176	2	2	6.457916882373862	21.490034364239452
85	177	1	1	3.334615138603377	11.11965812260282
85	178	1	1	3.3442205393476607	11.18381101579476
85	180	1	1	1.21262805858665	1.470466808471628
85	181	1	1	3.6316508640054095	13.188887998031237
85	182	1	1	3.2329395162414	10.451897915675177
85	184	1	1	3.476878303131752	12.08868273478833
85	185	2	2	7.080107748817799	25.242786849086983
85	186	2	2	6.4503790245119665	20.804084495434928
85	187	2	2	7.448199886194092	27.756371437315497
85	188	2	2	6.8115974542350886	23.436530971209205
85	189	1	1	3.2316307470263226	10.443437285125908
85	191	1	1	3.522453781892912	12.407680645571677
85	192	1	1	3.6219171883741472	13.118284119440087
85	193	1	1	3.1302620742829497	9.798540653694195
85	194	2	2	6.7045268795343915	22.47858218791322
85	195	2	2	5.487882861437221	15.060033256182894
85	199	1	1	2.578601277227855	6.649184546921124
85	200	4	4	14.637436062793453	55.029144891257744
85	202	1	1	2.6958252047075737	7.267473534336632
85	204	2	2	6.273834720677719	19.708134547713094
85	206	1	1	3.691954899462661	13.630530979666348
85	209	1	1	3.2205673396126016	10.37205398897939
85	212	1	1	3.7139690780145824	13.793566312448487
85	213	2	2	6.866249128081807	23.926705981337253
85	214	1	1	2.942369254279261	8.657536828527894
85	216	1	1	3.098305102425885	9.599494507718273
85	217	1	1	2.2899845553574782	5.244029263775787
85	219	1	1	2.901963414080846	8.42139165666376
85	221	1	1	2.887455758956392	8.337400759930434
85	223	1	1	3.765768466311851	14.18101214186871
85	224	2	2	7.916304576523213	31.41539395019627
85	225	1	1	4.038425058248418	16.308876951088738
85	227	1	1	4.012096387168932	16.096917419933998
85	228	3	3	11.365309181580985	43.2401146866731
85	230	1	1	2.6935686563549046	7.255312106497566
85	233	1	1	3.6752923405546887	13.507773788539962
85	234	2	2	6.608076469824811	21.83897826543917
85	238	1	1	3.695108048572471	13.653823490625056
85	240	3	3	11.719278657238789	45.79970936774771
85	243	1	1	2.5389813936653938	6.446426517379066
85	245	1	1	3.223728941902029	10.392428290856778
85	246	1	1	3.152513209616057	9.938339536803733
85	248	2	2	7.077434001573691	25.0739821577744
85	252	1	1	3.2556108790243616	10.599002195621777
85	253	1	1	3.0884022259031463	9.53822830896351
85	256	1	1	3.995712448059525	15.965717967577843
85	261	2	2	7.655873208750081	29.311388076019124
85	263	1	1	3.670535304836892	13.472829424054055
85	265	1	1	3.1188336450856062	9.727123305717969
85	266	1	1	3.2541918419589506	10.589764544272187
85	269	1	1	3.9082531583589413	15.27444274982264
85	270	1	1	3.0699568370173105	9.42463498114933
85	272	1	1	3.4749501828303733	12.075278773152844
85	273	1	1	4.465123776697814	19.937330341232148
85	275	1	1	3.726531648097919	13.887038124275392
85	277	3	3	10.046369273508	34.199091050341494
85	278	1	1	2.2233152218857795	4.943130575869013
85	280	1	1	3.603065854440604	12.9820835514358
85	282	1	1	4.616267067622091	21.309921639612256
85	283	1	1	3.8174799839994917	14.57315342823676
85	284	2	2	7.06842684052047	24.984055824314087
85	286	2	2	6.6727160061415995	22.312027119506013
85	287	2	2	7.190453839598122	26.071988813278153
85	292	1	1	3.778791958311669	14.27926866420094
85	294	1	1	3.812887130215874	14.538108267765843
85	297	1	1	3.902787333760953	15.23174897256493
85	298	1	1	3.7636911779881426	14.165371283265772
85	300	1	1	3.5994828807620247	12.956277008898883
85	302	1	1	4.100229491757086	16.811881885074573
85	310	1	1	2.849808658829589	8.121409391940102
85	315	1	1	3.0928458023307637	9.565695156995025
85	316	1	1	3.71468373785384	13.798875272275778
85	317	2	2	7.633198882564878	29.146581777982576
85	319	2	2	7.716513477962085	29.888346550143552
85	320	1	1	3.567865512981722	12.729664318724325
85	322	1	1	3.899530720568508	15.206339840657547
85	323	1	1	3.6568322516336935	13.372422116588348
85	324	1	1	3.5518250224317574	12.615460989972354
85	325	1	1	3.5823563482624246	12.833277005936093
85	332	1	1	3.4900171261253594	12.180219540648313
85	340	1	1	3.636355642408609	13.223082358076928
85	345	1	1	3.559636196761727	12.671009853296294
85	346	1	1	3.6521739980114747	13.338374911751119
85	348	2	2	6.674061737728165	22.27453921553514
85	358	1	1	3.9095533251805095	15.284607202429978
85	360	1	1	3.7381570842828493	13.973818386774054
85	361	1	1	3.184661663932124	10.142069913718926
85	363	1	1	3.5139036552258744	12.347518898209762
85	365	1	1	3.1267814704565224	9.776762363990253
85	370	1	1	4.0153100404797994	16.12271472117789
85	374	1	1	3.9807507100107347	15.846376215250968
85	377	2	2	7.890471781340052	31.163788996902213
85	384	1	1	3.703474641941915	13.715724423506796
85	386	1	1	3.62777957853063	13.160784670403874
85	387	1	1	4.1316863734856515	17.070832288847015
85	391	1	1	3.7361115204184325	13.958529293003332
85	393	1	1	3.8240198341210205	14.623127691750957
85	396	1	1	3.852862363550725	14.84454839246568
85	406	1	1	3.716395087117504	13.811592443551122
85	409	1	1	3.7461941549889604	14.03397064687345
85	414	1	1	3.66105793548464	13.403345206975054
85	416	1	1	3.8231910038168424	14.616789451666035
85	419	1	1	3.7281064657086405	13.898777819658571
85	422	1	1	3.6580530023314375	13.381351767866043
85	429	1	1	4.08631729094421	16.69798900226963
85	431	1	1	3.81522724588854	14.555958937770253
85	432	1	1	4.049173213143059	16.39580371003529
85	433	1	1	4.149221718556586	17.216040869741665
85	440	1	1	4.3991165508146475	19.35222642765136
85	443	1	1	3.6890537748782473	13.609117753943446
85	447	1	1	3.7916187030984863	14.376372389686248
85	451	1	1	4.3702278068602265	19.098891083854344
85	453	1	1	3.9303943932838656	15.448000086757247
85	461	3	3	11.469331025631936	43.965051945016086
85	463	1	1	4.674058036509026	21.84681852865461
85	465	1	1	3.8397781070766253	14.743895911584952
85	468	1	1	3.783952112223149	14.318293587598033
85	474	1	1	3.8843660158368527	15.088299344988265
85	481	1	1	3.811241876393412	14.525564640374775
85	486	2	2	8.832525922120109	39.129993720109674
85	490	1	1	4.08114060545956	16.655708641530826
85	496	1	1	3.56304114621774	12.695262209640624
85	498	1	1	4.689941303917067	21.995549434187318
85	499	1	1	3.5448174128323946	12.565730490319751
85	501	1	1	3.9700288825277164	15.761129328104268
85	504	1	1	3.6106318807292013	13.036662578138088
85	507	1	1	3.770761021942789	14.218638684603027
85	516	1	1	3.9408693146277174	15.530450954974334
85	529	1	1	3.8689765945459516	14.96897988914439
85	546	1	1	4.08263626282081	16.667918854499472
85	551	1	1	3.977147315471623	15.817700768963137
85	556	1	1	3.8066438325077163	14.490537267569035
85	561	1	1	3.8638959874122603	14.929692201540565
85	563	1	1	3.8163329568654527	14.56439723765741
85	570	1	1	3.646868909393671	13.299652842302184
85	579	1	1	4.073902734798036	16.596683492594916
85	584	1	1	4.1014844089253115	16.822174356657413
85	585	1	1	3.997800245575101	15.982406803520337
85	591	2	2	8.480021537002173	35.96482976214704
85	619	1	1	3.9030221129110827	15.233581613872893
85	625	1	1	4.018254659978284	16.146370512437198
85	648	1	1	4.238932299662098	17.9685470411186
85	652	2	2	8.268121677147978	34.18633134173005
85	712	1	1	4.004338770428714	16.034728988358548
85	736	1	1	4.044194221562202	16.35550690171711
85	749	1	1	4.264000362662028	18.181699092781905
85	781	1	1	4.650815292669153	21.630082886525255
85	815	1	1	4.353166259086788	18.950056479251664
85	856	1	1	4.662409077918535	21.738058409857164
85	865	1	1	4.714923028541306	22.23049916506912
85	866	1	1	4.305505311552171	18.537375987803955
85	872	1	1	4.670098984387927	21.80982452398115
85	932	1	1	4.297550913813897	18.46894385682266
104	0	33	0	0.0	0.0
104	1	1723	259	838.8250002257789	2925.8634426044355
104	2	769	187	534.7205079016217	1692.5399447881146
104	3	467	165	476.915363597812	1531.2257366966942
104	4	323	135	368.1175901645896	1110.1301443969924
104	5	244	119	347.0705654021074	1119.727455711446
104	6	162	90	235.67566928456915	676.4519770933855
104	7	144	97	270.4542106501834	811.5289799736095
104	8	115	76	201.1835781817629	591.3597036023327
104	9	113	78	210.2944478770607	640.801765877644
104	10	101	87	228.8012015900307	663.173070352224
104	11	84	66	163.08469201975674	480.25485196007287
104	12	69	55	144.72425441269726	437.4191613742806
104	13	51	41	105.25164470501404	307.43008841922443
104	14	53	41	108.69431470612207	318.81332422686955
104	15	49	40	118.4060661124118	377.1672414660455
104	16	47	41	120.91589559857485	388.7055558456444
104	17	25	23	62.93806252469845	194.81117171330862
104	18	43	38	108.27793355358139	344.34357084483275
104	19	34	33	88.69424515416851	268.27292510664813
104	20	40	39	103.38375506262508	299.596924512848
104	21	37	32	93.44674547269113	304.0266250638859
104	22	27	25	75.15661447584056	241.15865199706536
104	23	20	19	54.75080084979357	177.653991224901
104	24	19	18	57.10017794790506	196.6300749838985
104	25	28	27	87.50878279647672	294.59924707180454
104	26	25	25	72.30814513007213	229.42383664154355
104	27	18	18	55.35424875590552	184.68262464077893
104	28	25	25	79.22714171866492	258.36105061203364
104	29	15	15	50.92886669345529	177.55846921186978
104	30	20	20	64.056734924452	219.71321986036298
104	31	11	10	26.78437167610098	79.85724239999485
104	32	15	15	47.80729066854226	155.60259118929895
104	33	18	18	54.37302953548268	172.89112762644004
104	34	12	12	40.4955078973917	143.56786772701338
104	35	8	8	22.77638717497156	69.9925860224745
104	36	14	14	46.23760393115538	156.4083041326072
104	37	13	13	42.50992599715027	145.40499158014592
104	38	9	9	29.266275821747886	97.09445976239707
104	39	18	18	58.61610015435608	206.58056809772506
104	40	12	11	36.641151183029876	124.72927491574568
104	41	8	8	25.62018787292731	86.53656343567629
104	42	9	9	31.194348338127746	111.65253406880977
104	43	9	9	31.37064572304336	112.85807387798116
104	44	11	11	38.45085253441627	136.64352678505875
104	45	8	8	26.617242136898184	93.77317976361778
104	46	11	11	32.425255557100265	103.60622100459369
104	47	9	9	31.14649524402186	112.11722379438517
104	48	6	6	22.287485567095178	83.55688241958967
104	49	6	6	21.95753108128574	81.64886583466549
104	50	3	3	11.031404482047913	40.63800422441332
104	51	10	10	35.994215906167305	131.01382080977407
104	52	13	13	44.12882287974669	154.16422071472869
104	53	10	10	36.61114536971475	136.0701564290992
104	54	10	10	37.61494348315755	143.38594369431166
104	55	10	10	36.6437669810905	135.0746688854548
104	56	6	6	21.87983178806104	80.43798136674873
104	57	7	7	24.018575105018037	82.98458352288627
104	58	7	7	25.138991916654028	91.56081514360496
104	59	3	3	12.426922325716198	51.752837123937226
104	60	7	7	25.997808468710236	97.70818824964144
104	61	1	1	3.8754178600356877	15.018863589883589
104	62	3	3	10.54532051335632	38.49385565196843
104	63	3	3	11.446967726528332	44.047629070924614
104	64	12	12	43.757031718587555	163.03566504697417
104	65	7	7	26.592723857079257	101.50158626020186
104	66	6	6	20.784964563062196	73.63697802564725
104	67	4	4	16.81111768284706	71.0135302653438
104	68	8	8	33.16516716967976	138.2964945794546
104	69	6	6	21.551835354489793	79.07295160426645
104	70	4	4	15.842180279853407	63.466032111737306
104	71	3	3	10.471542692378533	36.7664981560014
104	72	7	7	22.354874751424354	73.31021379030564
104	73	5	5	18.883504820228374	72.36529612365888
104	74	3	3	12.31421903383672	50.686024648910035
104	75	5	5	16.966365221465978	58.68166188831649
104	76	4	4	15.636652056382513	61.32332982851592
104	77	5	5	18.888648042441186	71.55083978458765
104	78	7	7	26.676163460259936	102.09904803239105
104	79	5	5	17.169192154646126	60.733048715689534
104	81	3	3	10.3292404824639	35.66470188736517
104	82	6	6	22.785231253175063	88.10806548618683
104	83	6	6	24.759924979978155	102.33313500691297
104	84	4	4	14.229064713971583	51.27753068418928
104	85	5	5	19.320403973667865	75.14629927803433
104	86	4	4	15.531738858436725	60.835263689638616
104	87	7	7	26.357200970562552	99.9134973327212
104	88	4	4	16.421774016451234	67.80054317908883
104	89	5	5	20.48080344253377	84.50703371744095
104	90	3	3	10.913378392920167	39.70908472497675
104	92	5	5	17.36645339671109	61.139858742267535
104	93	4	4	16.5254936310672	68.45936439172388
104	94	5	5	20.306742998223903	82.84985422648822
104	95	2	2	8.454160848413597	35.779488755302545
104	96	4	4	16.04874942683473	64.58541921795134
104	97	3	3	11.679185962945873	45.62152087273587
104	98	3	3	12.267862047100262	50.25876869496901
104	99	5	5	19.6036516701444	77.26441466382761
104	100	1	1	3.83696792823642	14.722322882314886
104	101	2	2	8.194640045422648	33.78931076410451
104	102	3	3	12.264321177022104	50.517104596163776
104	103	4	4	15.301360394340096	58.64462674809712
104	104	2	2	8.398090755212507	35.32285263220438
104	105	3	3	11.669619807350662	45.79911687826215
104	106	3	3	11.225790721776816	42.031451313689146
104	107	1	1	3.965654820890549	15.726418158452454
104	108	3	3	12.103250817677836	49.07756986875215
104	109	1	1	3.7880746541868437	14.349509585692775
104	110	2	2	8.41806951304715	35.67408488912528
104	111	2	2	7.819449277195226	30.620497535262615
104	112	2	2	8.353726210665243	34.892380411859364
104	113	4	4	15.403956583499856	59.671187905009916
104	114	7	7	28.703975056640253	118.12431405136323
104	115	3	3	12.023537554271481	48.263583121014705
104	116	1	1	4.091795240193983	16.742788287674138
104	117	1	1	4.1209793654497995	16.98247093046303
104	118	6	6	24.724212785775986	102.20275494171614
104	119	5	5	19.05621346955053	73.30306547257996
104	120	3	3	11.380814006585734	43.35497088896088
104	121	4	4	14.1144135825943	50.344301977970055
104	122	3	3	12.272986914810094	50.21905952276169
104	123	1	1	4.044817866194509	16.3605515706863
104	124	2	2	8.339342038008681	34.90069661434151
104	125	5	5	20.140763376846444	82.17035376841795
104	126	3	3	12.584764319028777	53.04376023188992
104	127	1	1	4.117506528629613	16.953860013307484
104	129	2	2	8.450091416503685	35.70249766610916
104	130	2	2	8.623118125136383	37.224847127043205
104	131	4	4	16.66666099129299	69.58849884753772
104	132	2	2	7.985692846234745	31.88737830628675
104	134	7	7	28.23504376150423	113.97556539231202
104	135	1	1	4.033327633345442	16.267731797907942
104	136	2	2	8.27414434924074	34.236180337333835
104	137	2	2	8.006063233965564	32.06771551603906
104	138	2	2	7.948450617515649	31.693535090875848
104	139	3	3	12.681115284468001	53.60426945860257
104	140	4	4	16.329982217788476	67.01516432355177
104	141	1	1	4.188210078324111	17.541103660175658
104	142	2	2	8.516411829822335	36.268517655917734
104	143	1	1	4.573389357955339	20.915890219459147
104	144	2	2	8.261064000522758	34.14949063073908
104	145	3	3	12.945430723190924	56.04171446136094
104	148	1	1	4.7255288455294355	22.33062286993076
104	149	1	1	3.6062213376978662	13.004832336467388
104	150	2	2	8.467678088502751	35.934101122128595
104	151	1	1	3.7001457821451305	13.691078809126399
104	152	5	5	21.62484099855411	93.78770626003524
104	154	2	2	8.711819707698346	37.96316170123532
104	155	1	1	4.393112039813785	19.299433394356832
104	158	1	1	4.501452132192611	20.263071298421405
104	159	2	2	8.799308919944691	38.775070270188706
104	160	2	2	8.215790396977264	33.83713438973942
104	162	1	1	4.286818186105937	18.376810160728596
104	164	2	2	8.610965778672146	37.07484763197174
104	166	1	1	4.21824160115838	17.79356220574321
104	167	2	2	8.348260829768751	34.963185595461006
104	168	2	2	8.401249305028962	35.309356540371105
104	169	1	1	4.070876181500313	16.572032885106566
104	170	2	2	8.452347539140744	35.73977879969932
104	171	1	1	4.511692934179318	20.35537313232358
104	172	1	1	4.583535803207494	21.008800459284966
104	174	3	3	13.526716792577208	61.06553394310572
104	175	2	2	7.937118827976143	31.510070407199727
104	176	2	2	8.670531154326602	37.590057574829544
104	177	1	1	4.391853025630356	19.28837299873851
104	178	1	1	4.498958281963856	20.24062562285117
104	180	1	1	3.8437061359551383	14.77407685957918
104	181	1	1	4.310045403973745	18.5764913843152
104	182	1	1	4.410916834581799	19.456187321597113
104	184	1	1	4.5386492395698195	20.5993369198477
104	185	2	2	8.710307586402525	38.04720757189772
104	186	2	2	8.468026246513306	35.986473032279754
104	187	2	2	8.53565965204399	36.43018955061454
104	188	2	2	7.94210339758496	31.64976890382693
104	189	1	1	4.17482357074041	17.42915184680971
104	191	1	1	4.418169816995724	19.52022453181203
104	192	1	1	4.235990909754077	17.94361898751917
104	193	1	1	4.365923628803388	19.06128913254374
104	194	2	2	7.889198857550954	31.226238792625708
104	195	2	2	8.283327531149633	34.341324406734486
104	199	1	1	4.1826583714966805	17.494631052651265
104	200	4	4	17.119972804350606	73.5935974872589
104	202	1	1	4.5725858301114926	20.908541173736406
104	204	2	2	8.994730183670516	40.52332269562406
104	206	1	1	4.246498806007061	18.032752109419395
104	209	1	1	3.9673683805910147	15.74001186731337
104	212	1	1	4.445788631167521	19.765036553018383
104	213	2	2	8.691032073281736	37.77098940501142
104	214	1	1	4.023346002150528	16.187313053020635
104	216	1	1	4.514264370649666	20.378582808117027
104	217	1	1	4.568547449212852	20.87162579570926
104	219	1	1	4.521948575708872	20.448018921355494
104	221	1	1	4.618682489300758	21.332227936973446
104	223	1	1	4.679893568236002	21.9014038100167
104	224	2	2	8.88937185413605	39.524774412748684
104	225	1	1	4.431439332281931	19.637654555695327
104	227	1	1	4.684786427882419	21.947223874871316
104	228	3	3	13.987747803433635	65.25339170869958
104	230	1	1	4.740474375732334	22.472097306974863
104	233	1	1	4.562705547510607	20.818281913284068
104	234	2	2	9.109455211585272	41.50199751531902
104	238	1	1	4.333722619102824	18.78115173932344
104	240	3	3	13.283176552079674	58.92903598880779
104	243	1	1	4.376826796298566	19.15661280479717
104	245	1	1	4.1419873924533235	17.156059559242284
104	246	1	1	4.575242593324587	20.932844787771494
104	248	2	2	8.572446841502046	36.819860492034756
104	252	1	1	4.5337461517291695	20.554854168319054
104	253	1	1	4.018994355561343	16.152315630033936
104	256	1	1	4.465004487067134	19.93626506952964
104	261	2	2	9.529887201006634	45.421245044173446
104	263	1	1	4.249089664859451	18.0547629800154
104	265	1	1	4.597810581433077	21.139862142737968
104	266	1	1	4.270149181549439	18.23417403268734
104	269	1	1	4.561926206170422	20.811170710544456
104	270	1	1	4.7287971924883925	22.361522887686103
104	272	1	1	4.339743544834786	18.83337403493519
104	273	1	1	4.5387476847785395	20.600230546082553
104	275	1	1	4.5168533159794855	20.401963878074874
104	277	3	3	13.937023518868838	64.81034489953049
104	278	1	1	4.685275221518793	21.95180390137798
104	280	1	1	4.255681202376096	18.110822496257256
104	282	1	1	4.577419432383368	20.952768659960878
104	283	1	1	4.239695806781853	17.97502053404363
104	284	2	2	8.908431566646644	39.68261233811197
104	286	2	2	9.000588392501752	40.84741103499541
104	287	2	2	8.795489889912101	38.705162229345504
104	292	1	1	4.831513458229673	23.343522297054456
104	294	1	1	4.648301811458904	21.606709730412124
104	297	1	1	4.739203015492524	22.460045222053438
104	298	1	1	4.439823854810637	19.712035861745584
104	300	1	1	4.332988506775809	18.774789399851258
104	302	1	1	4.308539359675893	18.563511413876356
104	310	1	1	4.503355145156819	20.280207563410393
104	315	1	1	4.608146942288663	21.23501824172435
104	316	1	1	4.434043898916109	19.660745297515167
104	317	2	2	9.116417730276563	41.55733601422166
104	319	2	2	9.485353442395764	45.02489271008504
104	320	1	1	4.598678028001541	21.147839605224142
104	322	1	1	4.608649164366378	21.239647120214915
104	323	1	1	4.523928646264445	20.465930396492055
104	324	1	1	4.503769953212332	20.283943791458213
104	325	1	1	4.738281324014001	22.451309905499876
104	332	1	1	4.65867929710769	21.7032927932998
104	340	1	1	4.584981429041896	21.02205470465907
104	345	1	1	4.4284652984822594	19.61130489986157
104	346	1	1	4.640520814858086	21.534433433131156
104	348	2	2	9.511272586745822	45.26302010800654
104	358	1	1	4.710154279244492	22.185553334285196
104	360	1	1	4.859318754727998	23.612978760051263
104	361	1	1	4.806844609282163	23.105755097784993
104	363	1	1	4.741894981187941	22.48556801261538
104	365	1	1	4.783021781664325	22.877297363875375
104	370	1	1	4.851727366404627	23.539258437919578
104	374	1	1	4.374309558857231	19.134584116709743
104	377	2	2	9.629691616291446	46.36594282202322
104	384	1	1	4.9417408237900355	24.42080236951302
104	386	1	1	4.811520691418433	23.15073136394772
104	387	1	1	4.690895402888927	22.004499680844468
104	391	1	1	4.966255696970673	24.66369564769366
104	393	1	1	4.639742713717021	21.527212449490182
104	396	1	1	4.869014131609032	23.707298613808458
104	406	1	1	5.08400336493241	25.847090214644066
104	409	1	1	4.886137382779066	23.87433852339106
104	414	1	1	4.855868675417922	23.579460592905
104	416	1	1	4.968190549385308	24.682917335001488
104	419	1	1	4.841355750834638	23.438725506139622
104	422	1	1	4.950380639530639	24.50626847623978
104	429	1	1	4.797077433851203	23.01195190636444
104	431	1	1	4.806396741284379	23.1014496346291
104	432	1	1	4.987822071978562	24.878369021716516
104	433	1	1	4.960892656537968	24.61045594969234
104	440	1	1	4.738752324656658	22.455773594438877
104	443	1	1	4.822022270660332	23.251898778744224
104	447	1	1	4.801318720447284	23.052661455317548
104	451	1	1	4.797329180838525	23.014367269324833
104	453	1	1	4.97444887313288	24.745141591412985
104	461	3	3	14.274262391462285	67.93620079269232
104	463	1	1	5.050135826269349	25.5038718637692
104	465	1	1	5.055941674496867	25.562546215914185
104	468	1	1	4.930378574597377	24.308632888848862
104	474	1	1	4.695871160562042	22.051205956598302
104	481	1	1	4.896457289852177	23.975293991346526
104	486	2	2	10.14669594334168	51.47932870691431
104	490	1	1	4.989281070830455	24.892925603747095
104	496	1	1	4.858272956251085	23.602816117440657
104	498	1	1	4.9313451199168945	24.31816469172817
104	499	1	1	4.887236184739019	23.885077525422407
104	501	1	1	4.865778550875596	23.67580090616102
104	504	1	1	5.017504740944901	25.175353825404557
104	507	1	1	4.893614658744396	23.947464428278035
104	516	1	1	4.930306726845685	24.30792442077981
104	529	1	1	4.991421525056337	24.914288840795727
104	546	1	1	5.075068780168815	25.756323123444183
104	551	1	1	5.024286251052164	25.243452332511808
104	556	1	1	4.7754679277212695	22.805093928694475
104	561	1	1	4.85548760596562	23.57575989168575
104	563	1	1	4.906982779901662	24.07848000225144
104	570	1	1	4.798936902562473	23.029795394775903
104	579	1	1	5.089065358040979	25.898586218412756
104	584	1	1	5.133029855137001	26.34799549372778
104	585	1	1	4.942012390483551	24.423486467692946
104	591	2	2	9.959441413018443	49.60394135352489
104	619	1	1	5.034463737917629	25.345825128407544
104	625	1	1	4.925610340055038	24.261637222057107
104	648	1	1	5.073626382668629	25.74168467091116
104	652	2	2	10.268619809949092	52.72516341167429
104	712	1	1	4.997741021074396	24.977415313729747
104	736	1	1	4.941540118214562	24.418818739923992
104	749	1	1	5.16024518626104	26.628130382330237
104	781	1	1	5.096160961478619	25.97085654529868
104	815	1	1	5.288982999501983	27.973341169020994
104	856	1	1	5.224803047005665	27.29856687999968
104	865	1	1	5.190769250531325	26.944085412261533
104	866	1	1	5.303342137629039	28.12543782875174
104	872	1	1	5.148838488878134	26.510537784552866
104	932	1	1	5.40061551143554	29.16664790235816
132	0	33	0	0.0	0.0
132	1	1723	212	527.7152940351625	1530.2212214476037
132	2	769	157	344.62878087728006	924.3832514598394
132	3	467	139	275.54072492039876	714.8878068323235
132	4	323	123	241.31374332717604	611.228089712492
132	5	244	104	207.79957698504163	515.4288689206721
132	6	162	75	139.95023692104638	338.71142111385876
132	7	144	84	161.92685002792382	401.1069806680985
132	8	115	69	122.16099770038467	271.7524972154957
132	9	113	73	135.19744829135348	322.62672702378086
132	10	101	72	120.38877495115773	256.9460627585605
132	11	84	61	116.25457617644975	294.9038202684782
132	12	69	49	87.99654225207178	209.2322679361016
132	13	51	32	61.52397091318932	153.02973381045692
132	14	53	40	70.94520525035465	163.73741966593948
132	15	49	37	88.1203286326955	255.18495327474008
132	16	47	42	86.7946432366669	218.21715989214354
132	17	25	19	43.463400674020036	117.25294347306334
132	18	43	41	85.63529816389986	220.02829389926802
132	19	34	29	48.217336323496546	113.23148941276928
132	20	40	35	73.8202992309368	186.22960123813849
132	21	37	34	67.50705846365396	165.84990190805752
132	22	27	22	47.26670593364003	122.88352857778074
132	23	20	18	38.75634053490844	99.75376109462218
132	24	19	17	34.63114647359922	80.4946979264863
132	25	28	25	62.73182163626152	181.56077008888667
132	26	25	25	55.19945581445572	138.0124263212724
132	27	18	17	35.26746233586711	90.89325560910774
132	28	25	25	56.80834182828576	146.1250139779016
132	29	15	15	32.96152931379311	84.54760662334746
132	30	20	20	48.34459268566549	133.11080247750812
132	31	11	10	20.406078171777423	51.9776097855802
132	32	15	14	27.83733702038	65.15435443342575
132	33	18	18	35.23073695929033	83.88497947544893
132	34	12	12	24.791266539348474	60.387352179981484
132	35	8	7	13.635445074937433	32.41752878868793
132	36	14	14	31.54257957544002	82.32525800157312
132	37	13	13	31.675914674257935	82.70198103710091
132	38	9	9	24.59896748015577	70.96900455692227
132	39	18	18	36.88986334161767	87.69723006958456
132	40	12	12	28.18433313608343	80.44728991933596
132	41	8	8	21.514961406591837	61.250004261350526
132	42	9	9	22.88334254256734	62.02492249536368
132	43	9	9	23.131835278707293	64.91819841606585
132	44	11	11	28.395708071257303	79.15074181263833
132	45	8	8	21.366377300332395	63.449002458422754
132	46	11	11	25.254449064157086	68.97713363126091
132	47	9	9	23.046365551659342	61.86771407621148
132	48	6	6	15.953458198886386	47.80211705219082
132	49	6	6	16.740846048647935	48.724325911256415
132	50	3	3	7.6409426193897225	19.66180735715652
132	51	10	10	26.744283167342413	72.84461826648474
132	52	13	13	37.86031982743583	112.41470094253148
132	53	10	10	29.13370699882175	87.54670398190962
132	54	10	10	26.301548942336805	73.81935443002902
132	55	10	10	28.170254937832404	85.08278146757937
132	56	6	6	11.975423264885402	27.131625384980545
132	57	7	7	20.065162908871606	62.60585562392646
132	58	7	7	19.705523535213672	59.605661525606756
132	59	3	3	9.798160535536486	32.2517822318551
132	60	7	7	19.697639544938944	55.735339093248015
132	61	1	1	1.4427107926383083	2.0814144311950558
132	62	3	3	6.07764204844979	14.883309375558653
132	63	3	3	8.244546675406346	23.70914409049984
132	64	12	12	35.21497550684821	104.96146404583966
132	65	7	7	19.41121154492691	54.6012180838643
132	66	6	6	19.188600704328152	62.58138985635246
132	67	4	4	12.715109585406887	40.74778247641107
132	68	8	8	23.242491617797477	69.90018301508755
132	69	6	6	17.776282244296752	55.271314286947785
132	70	4	4	11.618591918073639	34.65314442382979
132	71	3	3	6.783708854870182	16.731934446528825
132	72	7	7	17.26146844911303	46.81827650214749
132	73	5	5	12.006493431329513	30.105630942303865
132	74	3	3	8.18390270502537	22.503781495705134
132	75	5	5	12.082049065378628	31.067271940182067
132	76	4	4	10.053598387855732	27.244628348912464
132	77	5	5	15.12351667881315	46.883877129174685
132	78	7	7	21.646290799640894	67.138121383711
132	79	5	5	15.702040889298027	49.718118631250064
132	81	3	3	9.587548031855198	30.725611558401337
132	82	6	6	15.71180057801708	42.78918544991558
132	83	6	6	20.337243237421912	69.61177476532924
132	84	4	4	8.568060488360548	18.901026825912766
132	85	5	5	14.917896233513847	45.08752357437609
132	86	4	4	12.389135862815863	39.15572182836682
132	87	7	7	20.985525839665794	64.01640550573201
132	88	4	4	11.68880768144604	35.03452543374309
132	89	5	5	15.331708427694437	48.432744490461616
132	90	3	3	7.508067108984403	19.398221347958284
132	92	5	5	15.236672409151321	47.445913061949454
132	93	4	4	12.68762924653829	40.408127960871404
132	94	5	5	14.514482657232364	43.738363034173354
132	95	2	2	7.0149227564497	24.795189704275614
132	96	4	4	13.299584609117158	44.6120134880753
132	97	3	3	9.788667841017634	31.953838591005137
132	98	3	3	8.227581401046455	23.816005206101572
132	99	5	5	16.94649167134497	57.708311824774455
132	100	1	1	3.533034045183977	12.482329564429055
132	101	2	2	6.403824451398935	20.89097917950828
132	102	3	3	9.041371373247763	27.438916029498422
132	103	4	4	11.717073281120467	35.903430872413914
132	104	2	2	6.789576517104898	23.112964209567494
132	105	3	3	9.02569399103003	28.14111677989242
132	106	3	3	8.480702657431602	24.11737107972671
132	107	1	1	2.9588463166787102	8.75477152572317
132	108	3	3	8.596400849219867	25.426789257803975
132	109	1	1	2.9414832175047074	8.652323518861847
132	110	2	2	7.586374074455182	28.84134123190236
132	111	2	2	7.069793062190776	24.991836222371386
132	112	2	2	6.4112936329460695	20.60278910378635
132	113	4	4	11.39484772963245	33.236550422815604
132	114	7	7	23.402226380254625	81.75082081929224
132	115	3	3	10.160348284319491	34.58338637875567
132	116	1	1	3.417772201050694	11.681166818274907
132	117	1	1	3.340087176266303	11.156182345058605
132	118	6	6	20.7199595319853	72.14366824887388
132	119	5	5	13.437089609445922	39.27981424422067
132	120	3	3	9.75695797700694	31.747777054748738
132	121	4	4	12.775035530971346	41.131903128561895
132	122	3	3	9.04440775443643	27.309832541112176
132	123	1	1	3.125082582726715	9.766141148861875
132	124	2	2	5.994437192603353	18.350879526539046
132	125	5	5	15.939830049209402	50.897602188433964
132	126	3	3	9.983076635889738	33.373864171404435
132	127	1	1	3.4601096232200383	11.972358604699915
132	129	2	2	6.278884218480885	19.973591780213575
132	130	2	2	6.805086281773218	23.270725866790805
132	131	4	4	12.829052926510304	41.71125977898919
132	132	2	2	6.528113322655877	21.389977641492205
132	134	7	7	19.928242802465213	58.852490618357294
132	135	1	1	3.3935271725625102	11.516026670920105
132	136	2	2	7.028202510614805	24.70470774283165
132	137	2	2	6.543011109809614	21.40965128934983
132	138	2	2	6.2961729348459645	20.269681721647103
132	139	3	3	9.842426740273222	32.4088568150348
132	140	4	4	13.370755383130462	44.910067393596016
132	141	1	1	2.7863595437216486	7.763799506888714
132	142	2	2	6.375830628482539	20.349194547905096
132	143	1	1	3.305669051808886	10.92744788008706
132	144	2	2	6.392431662244688	20.450889120269814
132	145	3	3	9.66536558775773	31.139804249259306
132	148	1	1	3.1188147113017606	9.727005203432284
132	149	1	1	3.233500801890684	10.455527435827696
132	150	2	2	6.623640776553862	21.980669741454882
132	151	1	1	3.4714694946965543	12.05110045260875
132	152	5	5	15.877714716930285	50.87996184713092
132	154	2	2	6.158697126734489	19.00368810974584
132	155	1	1	3.5496141158428807	12.599760371391035
132	158	1	1	3.411694122567698	11.639656785962975
132	159	2	2	6.704301372595597	22.478770455121392
132	160	2	2	6.283127290317196	19.74259750660037
132	162	1	1	3.0529426441851766	9.320458788684377
132	164	2	2	6.707716580054738	23.107929652400202
132	166	1	1	2.8805463654119423	8.29754736328795
132	167	2	2	5.991345407513661	17.955320654094727
132	168	2	2	7.098914876921256	25.217623654340613
132	169	1	1	3.230136910258942	10.433784459017184
132	170	2	2	6.529653104389557	21.533471154136684
132	171	1	1	3.429420108599088	11.76092228126378
132	172	1	1	3.7085938692116405	13.753668486754167
132	174	3	3	10.628045041353941	37.81545294811502
132	175	2	2	5.863882186824081	17.89750789847957
132	176	2	2	6.83469458903315	23.387833099450106
132	177	1	1	2.448416253191353	5.994742148891584
132	178	1	1	3.446384255562216	11.877564436987129
132	180	1	1	2.9407375093371844	8.647937098822666
132	181	1	1	2.938377728946948	8.634063677971424
132	182	1	1	3.6636748125237824	13.422513131921171
132	184	1	1	3.2484505678192823	10.552431091565417
132	185	2	2	6.720661531739381	22.622149416616946
132	186	2	2	6.461583745320093	21.244662031941267
132	187	2	2	6.664361251225361	22.20734059294235
132	188	2	2	6.597783622035874	21.807130242862108
132	189	1	1	2.910746143583917	8.472443112388644
132	191	1	1	3.034043996351602	9.205422971797201
132	192	1	1	3.4625617599224796	11.98933394127746
132	193	1	1	3.552230017765636	12.618338099115249
132	194	2	2	7.227163150037319	26.17103404701918
132	195	2	2	7.18323622618173	25.842316283312663
132	199	1	1	3.1001668677420793	9.611034607845735
132	200	4	4	13.958639335258335	49.19145751162168
132	202	1	1	3.3832091950139866	11.446104457227188
132	204	2	2	6.130814424997068	19.140762136182232
132	206	1	1	3.493766197834605	12.206402245131672
132	209	1	1	3.719577380697644	13.835255890997548
132	212	1	1	3.6116798654462516	13.044231450469855
132	213	2	2	6.910251143896181	23.94232721666689
132	214	1	1	3.0836764793162112	9.509060629088024
132	216	1	1	3.7558712941786583	14.106569178435269
132	217	1	1	3.506148425923131	12.29307678460325
132	219	1	1	3.336605741033495	11.13293787109768
132	221	1	1	3.4919644183327705	12.193815498902124
132	223	1	1	3.666155355683	13.440695092003146
132	224	2	2	6.932026606733981	24.031205550911682
132	225	1	1	3.2295738430517593	10.43014720772411
132	227	1	1	2.853374372691489	8.141745310732547
132	228	3	3	10.920353511469795	40.127358005226476
132	230	1	1	3.6390219645115445	13.24248085819746
132	233	1	1	3.57729958194471	12.797072298981798
132	234	2	2	7.002512633768899	24.79121017206151
132	238	1	1	3.616318462183512	13.077759219929321
132	240	3	3	10.579368429183253	37.56842855776425
132	243	1	1	3.590325926843301	12.89044026096321
132	245	1	1	3.8716085659369046	14.989352887836015
132	246	1	1	3.466573603232286	12.017132546626874
132	248	2	2	7.253530697428385	26.31980836998946
132	252	1	1	3.6716829368850092	13.481255589012527
132	253	1	1	3.0047109755001347	9.028288046290971
132	256	1	1	3.4439599107400998	11.860859866784956
132	261	2	2	7.486021595426042	28.070991376875302
132	263	1	1	3.6567129803568132	13.371549820710008
132	265	1	1	3.663236872881219	13.41930438683657
132	266	1	1	3.422729556132032	11.715077614419776
132	269	1	1	3.4222307373524345	11.711663219679789
132	270	1	1	3.78957406492038	14.360871593517174
132	272	1	1	3.358445831434102	11.279158402677098
132	273	1	1	3.7790286700753315	14.281057689251329
132	275	1	1	3.608946814060221	13.024497106715419
132	277	3	3	11.528423060759984	44.36566770002176
132	278	1	1	3.954509662126698	15.638146667853412
132	280	1	1	3.6108752014916017	13.038419720747015
132	282	1	1	3.4831378312297514	12.132249151343895
132	283	1	1	3.684820608918715	13.577902919912091
132	284	2	2	7.301490981277274	26.866823038704467
132	286	2	2	7.1154675495820054	25.356657865831835
132	287	2	2	7.335260627186751	26.92465332985897
132	292	1	1	3.7683414271151565	14.200397111312295
132	294	1	1	3.4910981113594444	12.18776602313748
132	297	1	1	3.834809326692902	14.705762572090869
132	298	1	1	3.7478051793699003	14.04604366251185
132	300	1	1	3.5672878040800096	12.725542277137977
132	302	1	1	3.316405757301778	10.998547147064379
132	310	1	1	3.511890004292399	12.333371402248867
132	315	1	1	3.397685640409927	11.544267711047816
132	316	1	1	3.5665375349923796	12.720189988509519
132	317	2	2	7.7188759320258455	29.796012570758588
132	319	2	2	7.770867967445959	30.19324592018831
132	320	1	1	3.752036232986346	14.077775893642372
132	322	1	1	3.8386409358999627	14.735164234766941
132	323	1	1	3.7105818521980503	13.768417681861512
132	324	1	1	3.6569526326887822	13.373302557729415
132	325	1	1	3.7140408007646575	13.794099069744577
132	332	1	1	3.897996107119063	15.19437365111537
132	340	1	1	3.4927035603366257	12.19897816038814
132	345	1	1	3.830237358450294	14.670718222068285
132	346	1	1	3.554060408234845	12.631345385382431
132	348	2	2	7.876630089652897	31.021008949490827
132	358	1	1	3.807760930570437	14.499043304378642
132	360	1	1	3.892883619241152	15.15454287295609
132	361	1	1	3.894391514455167	15.16628526786041
132	363	1	1	3.569443070820332	12.740923835827282
132	365	1	1	3.7537176391511733	14.090396114474657
132	370	1	1	3.7455877271745686	14.02942742196075
132	374	1	1	3.8321391353561007	14.685290352727803
132	377	2	2	7.895151643020794	31.229550912946685
132	384	1	1	3.8688980970496187	14.96837248535416
132	386	1	1	4.174395671717202	17.42557922405131
132	387	1	1	3.7126295460710885	13.783618146360016
132	391	1	1	3.8820064541001513	15.06997410967523
132	393	1	1	3.9089847348061126	15.280161656947215
132	396	1	1	3.832902552579268	14.691141977568668
132	406	1	1	3.9176748833686657	15.348176491777688
132	409	1	1	3.9644554235610117	15.71690680540232
132	414	1	1	3.9051865338126355	15.250481863871546
132	416	1	1	3.714642997709583	13.798572600432836
132	419	1	1	3.880989446918338	15.062079087091506
132	422	1	1	3.511701520311856	12.332047567760599
132	429	1	1	3.6447070721990587	13.283889642137835
132	431	1	1	4.018092995686775	16.14507132198712
132	432	1	1	4.219023231074067	17.800157024342663
132	433	1	1	3.6936011156339044	13.642689201412024
132	440	1	1	4.072508124914816	16.585322427497193
132	443	1	1	3.8478941575090686	14.806289447392425
132	447	1	1	3.83091928145939	14.67594254105733
132	451	1	1	4.176855122394281	17.446118713471346
132	453	1	1	4.050057810111554	16.402968265245594
132	461	3	3	12.107938448479846	48.868724480595596
132	463	1	1	3.7471028341370247	14.040779649597724
132	465	1	1	4.252936735528997	18.08747087641204
132	468	1	1	3.964962453152126	15.720927254906124
132	474	1	1	4.0147878968927895	16.11852185703683
132	481	1	1	3.7694400942477824	14.208678624122731
132	486	2	2	8.006822038976935	32.07242802429508
132	490	1	1	3.905143368290276	15.250144726901521
132	496	1	1	3.8889703874465917	15.124090674436493
132	498	1	1	3.9855496841721654	15.884606285004848
132	499	1	1	3.7759970217196233	14.258153508035464
132	501	1	1	3.9158284208676095	15.333712221674517
132	504	1	1	3.9367619970051453	15.49809502106394
132	507	1	1	3.7928716217430423	14.385875139023696
132	516	1	1	4.108752085681382	16.881843701591105
132	529	1	1	4.04160881884184	16.33460184454013
132	546	1	1	3.9234485267104207	15.39344834174617
132	551	1	1	4.092059945164281	16.744954594817898
132	556	1	1	4.049820562897256	16.40104659166545
132	561	1	1	3.8304774953198066	14.6725578421515
132	563	1	1	4.174143955703408	17.423477762935295
132	570	1	1	4.310555139447968	18.580885610221287
132	579	1	1	3.9983954779529176	15.98716639811434
132	584	1	1	4.160712625631405	17.311529553088576
132	585	1	1	3.864725132775983	14.93610035191034
132	591	2	2	8.012856918768456	32.10698221935762
132	619	1	1	4.186871642480887	17.529894150610602
132	625	1	1	4.390362799175633	19.2752855083853
132	648	1	1	3.9764884048972786	15.812460034282504
132	652	2	2	8.200177537364796	33.64309601612154
132	712	1	1	4.2433072195937696	18.005656159856606
132	736	1	1	4.183537021739879	17.501982012268172
132	749	1	1	4.27477117319571	18.273668583185025
132	781	1	1	4.302882045861859	18.514793900600335
132	815	1	1	4.369353134976667	19.091246818130433
132	856	1	1	4.279056467031087	18.310324248040573
132	865	1	1	4.2068968298949	17.697980937379757
132	866	1	1	4.313809528377719	18.6089526471224
132	872	1	1	4.335157066891729	18.7935867946213
132	932	1	1	4.40059063111241	19.365197902634318
